2018-01-08 15:07:32.604284: I tensorflow/core/platform/cpu_feature_guard.cc:137] Your CPU supports instructions that this TensorFlow binary was not compiled to use: SSE4.1 SSE4.2 AVX AVX2 FMA
2018-01-08 15:07:32.875419: I tensorflow/core/common_runtime/gpu/gpu_device.cc:1030] Found device 0 with properties: 
name: GeForce GTX 1080 major: 6 minor: 1 memoryClockRate(GHz): 1.835
pciBusID: 0000:02:00.0
totalMemory: 7.92GiB freeMemory: 7.24GiB
2018-01-08 15:07:33.165618: I tensorflow/core/common_runtime/gpu/gpu_device.cc:1030] Found device 1 with properties: 
name: GeForce GTX 1080 major: 6 minor: 1 memoryClockRate(GHz): 1.835
pciBusID: 0000:82:00.0
totalMemory: 7.92GiB freeMemory: 7.48GiB
2018-01-08 15:07:33.165773: I tensorflow/core/common_runtime/gpu/gpu_device.cc:1045] Device peer to peer matrix
2018-01-08 15:07:33.165803: I tensorflow/core/common_runtime/gpu/gpu_device.cc:1051] DMA: 0 1 
2018-01-08 15:07:33.165812: I tensorflow/core/common_runtime/gpu/gpu_device.cc:1061] 0:   Y N 
2018-01-08 15:07:33.165818: I tensorflow/core/common_runtime/gpu/gpu_device.cc:1061] 1:   N Y 
2018-01-08 15:07:33.165828: I tensorflow/core/common_runtime/gpu/gpu_device.cc:1120] Creating TensorFlow device (/device:GPU:0) -> (device: 0, name: GeForce GTX 1080, pci bus id: 0000:02:00.0, compute capability: 6.1)
2018-01-08 15:07:33.165839: I tensorflow/core/common_runtime/gpu/gpu_device.cc:1120] Creating TensorFlow device (/device:GPU:1) -> (device: 1, name: GeForce GTX 1080, pci bus id: 0000:82:00.0, compute capability: 6.1)
[54.0, 148, 962, 962]
(0, 1363, 189.0, 78, -628.9400000000046)
Model has saved at ./model0

target_params_replaced

(10, 1115, 264.0, 58, -911.9799999999994)
(20, 2892, 194.0, 187, -231.30500000000137)
(30, 1115, 207.0, 61, -597.760000000007)
(40, 939, 280.0, 51, -641.6299999999983)
(50, 2280, 181.0, 154, -669.8100000000068)

target_params_replaced

(60, 2808, 247.0, 183, -2360.3124999999786)
(70, 929, 315.0, 47, -740.3199999999899)
(80, 1179, 129.0, 65, -466.5399999999999)
(90, 939, 327.0, 51, -777.0999999999989)
(100, 1974, 230.0, 101, -696.475833333345)
('last100', 1658.52, 253.07, 98.47)
(110, 1704, 195.0, 105, -558.6258333333242)
(120, 2892, 243.0, 184, -957.7916666666607)

target_params_replaced

(130, 3045, 242.0, 204, -1588.363333333341)
(140, 1974, 223.0, 112, -678.8649999999985)
(150, 1974, 250.0, 111, -1051.115000000002)
(160, 1386, 209.0, 71, -652.5100000000015)
(170, 929, 430.0, 38, -838.239999999999)
(180, 1115, 212.0, 61, -735.2899999999971)

target_params_replaced

(190, 1305, 186.0, 67, -636.3299999999966)
(200, 1100, 242.0, 60, -857.5199999999926)
('last100', 1596.08, 252.79, 93.22)
(210, 929, 348.0, 43, -741.6600000000024)
(220, 1115, 261.0, 58, -898.009999999997)
(230, 2667, 245.0, 180, -872.6450000000036)
(240, 1976, 259.0, 103, -1116.8066666666662)

target_params_replaced

(250, 939, 343.0, 53, -759.5900000000075)
(260, 939, 243.0, 52, -528.0900000000028)
(270, 1100, 270.0, 60, -894.8500000000099)
(280, 1305, 180.0, 74, -594.9399999999964)
(290, 1974, 229.0, 104, -663.7400000000005)
(300, 939, 268.0, 54, -652.7799999999996)
('last100', 1618.18, 260.92, 97.32)
(310, 929, 383.0, 48, -805.8600000000089)

target_params_replaced

(320, 939, 295.0, 47, -648.7500000000018)
(330, 2895, 178.0, 189, -300.61833333333647)
(340, 1363, 174.0, 72, -604.6300000000011)
(350, 1996, 178.0, 113, -599.1166666666679)
(360, 929, 267.0, 51, -614.219999999999)
(370, 1305, 310.0, 67, -1144.789999999994)

target_params_replaced

(380, 985, 324.0, 56, -742.789999999996)
(390, 3045, 283.0, 201, -2411.958333333305)
(400, 1974, 228.0, 106, -645.9416666666713)
('last100', 1538.26, 263.47, 90.06)
(410, 1704, 271.0, 95, -1042.3399999999804)
(420, 939, 257.0, 56, -645.0300000000072)
(430, 1974, 264.0, 104, -971.192500000003)

target_params_replaced

(440, 1363, 199.0, 79, -631.1500000000036)
(450, 939, 253.0, 52, -556.9200000000013)
(460, 2069, 198.0, 112, -575.5191666666647)
(470, 3704, 232.0, 267, -146.79166666666444)
(480, 929, 446.0, 31, -812.1200000000048)
(490, 2808, 259.0, 177, -938.550833333317)

target_params_replaced

(500, 939, 226.0, 55, -507.65999999999934)
('last100', 1665.17, 258.95, 96.88)
(510, 1704, 219.0, 100, -632.2100000000025)
(520, 939, 279.0, 54, -708.9800000000059)
(530, 939, 256.0, 51, -600.0699999999988)
(540, 3022, 229.0, 198, -1275.756666666665)
(550, 2280, 193.0, 139, -587.1624999999972)

target_params_replaced

(560, 1100, 242.0, 58, -759.2499999999919)
(570, 1179, 160.0, 65, -605.5499999999951)
(580, 1305, 248.0, 67, -945.619999999999)
(590, 939, 344.0, 55, -781.7200000000068)
(600, 985, 247.0, 53, -555.9000000000058)
('last100', 1621.16, 263.71, 94.69)
(610, 2069, 260.0, 111, -1270.7941666666447)
(620, 929, 412.0, 46, -824.9699999999997)

target_params_replaced

(630, 1704, 218.0, 93, -643.4600000000092)
(640, 939, 260.0, 59, -669.3999999999988)
(650, 939, 218.0, 54, -494.310000000001)
(660, 2807, 266.0, 179, -1391.681666666666)
(670, 929, 353.0, 46, -780.4299999999924)
(680, 2895, 287.0, 184, -2890.20166666667)
(690, 1100, 194.0, 54, -538.9900000000065)

target_params_replaced

(700, 1100, 221.0, 62, -730.1499999999977)
('last100', 1398.71, 263.94, 78.56)
(710, 929, 372.0, 41, -782.3099999999988)
(720, 1305, 237.0, 78, -951.2599999999954)
(730, 929, 251.0, 53, -557.4800000000035)
(740, 939, 295.0, 59, -691.1600000000018)
(750, 1305, 314.0, 69, -1133.6200000000122)
(760, 939, 297.0, 51, -689.0700000000004)

target_params_replaced

(770, 929, 374.0, 47, -771.3699999999998)
(780, 2069, 244.0, 115, -1442.345833333325)
(790, 1305, 189.0, 76, -601.8900000000001)
(800, 929, 458.0, 26, -870.789999999996)
('last100', 1461.58, 257.2, 84.24)
(810, 2808, 248.0, 185, -766.7691666666569)
(820, 1305, 272.0, 64, -1062.3500000000085)

target_params_replaced

(830, 2280, 197.0, 135, -546.7108333333333)
(840, 1363, 198.0, 77, -625.6099999999926)
(850, 1115, 228.0, 58, -764.3599999999922)
(860, 939, 293.0, 46, -631.0699999999939)
(870, 1115, 221.0, 59, -743.340000000001)
(880, 2077, 160.0, 114, -449.19083333333265)
(890, 1305, 230.0, 79, -896.1800000000017)

target_params_replaced

(900, 1974, 218.0, 105, -578.8566666666723)
('last100', 1526.37, 258.6, 86.15)
(910, 929, 406.0, 34, -815.189999999991)
(920, 1996, 195.0, 118, -767.4474999999982)
(930, 1976, 301.0, 112, -1435.482499999999)
(940, 929, 218.0, 55, -413.11999999999887)
(950, 939, 254.0, 55, -599.7900000000002)
(960, 939, 247.0, 58, -573.7099999999982)

target_params_replaced

(970, 3156, 185.0, 202, -280.40083333334024)
(980, 929, 359.0, 40, -760.7500000000036)
(990, 1305, 171.0, 77, -584.8800000000009)
(1000, 929, 461.0, 21, -820.5999999999916)
('last100', 1477.61, 269.15, 85.32)
Model has saved at ./model0
(1010, 929, 393.0, 37, -796.1600000000022)
(1020, 939, 382.0, 45, -797.5299999999919)
(1030, 1305, 299.0, 70, -1094.0099999999939)

target_params_replaced

(1040, 1305, 234.0, 77, -890.0100000000015)
(1050, 929, 243.0, 56, -537.1500000000009)
(1060, 929, 306.0, 51, -734.1899999999976)
(1070, 1976, 239.0, 108, -800.4599999999989)
(1080, 1976, 207.0, 107, -604.6291666666808)
(1090, 939, 371.0, 52, -798.8300000000033)

target_params_replaced

(1100, 2808, 236.0, 185, -583.5458333333316)
('last100', 1525.63, 264.43, 88.64)
(1110, 939, 379.0, 56, -768.4400000000071)
(1120, 929, 210.0, 59, -486.1700000000019)
(1130, 2807, 231.0, 184, -782.1341666666603)
(1140, 1363, 260.0, 70, -1062.8199999999983)
(1150, 1704, 282.0, 92, -970.6499999999907)
(1160, 929, 439.0, 37, -819.6299999999998)

target_params_replaced

(1170, 939, 342.0, 59, -783.5099999999948)
(1180, 929, 284.0, 55, -703.4499999999986)
(1190, 929, 202.0, 56, -464.6399999999951)
(1200, 939, 263.0, 54, -635.7900000000049)
('last100', 1577.69, 259.37, 92.29)
(1210, 939, 335.0, 53, -754.2399999999974)
(1220, 929, 524.0, 33, -911.8199999999958)

target_params_replaced

(1230, 3022, 225.0, 187, -487.0899999999961)
(1240, 929, 275.0, 47, -619.5599999999945)
(1250, 1100, 210.0, 59, -657.3099999999931)
(1260, 939, 211.0, 52, -466.65999999999894)
(1270, 3022, 212.0, 199, -460.0750000000043)
(1280, 1115, 235.0, 60, -832.2199999999912)
(1290, 929, 359.0, 40, -776.1599999999924)

target_params_replaced

(1300, 2807, 232.0, 169, -497.73000000000155)
('last100', 1427.39, 271.11, 79.95)
(1310, 2209, 189.0, 139, -598.1133333333333)
(1320, 1363, 238.0, 77, -967.4700000000017)
(1330, 1363, 199.0, 69, -663.3900000000029)
(1340, 1704, 243.0, 92, -680.659999999999)
(1350, 929, 220.0, 59, -501.8800000000044)
(1360, 929, 303.0, 51, -734.9299999999931)

target_params_replaced

(1370, 939, 365.0, 52, -760.0800000000086)
(1380, 1115, 221.0, 59, -802.2900000000018)
(1390, 939, 225.0, 54, -446.020000000001)
(1400, 1115, 309.0, 58, -927.2799999999936)
('last100', 1352.64, 260.23, 76.34)
(1410, 929, 280.0, 45, -662.1399999999979)
(1420, 1305, 191.0, 66, -632.7699999999959)
(1430, 929, 357.0, 43, -736.4200000000044)

target_params_replaced

(1440, 939, 237.0, 48, -494.69000000000165)
(1450, 2807, 230.0, 167, -585.6283333333362)
(1460, 2077, 200.0, 119, -692.6775000000015)
(1470, 929, 369.0, 47, -776.7499999999982)
(1480, 929, 351.0, 42, -731.2300000000002)
(1490, 939, 275.0, 58, -662.4600000000029)
(1500, 1386, 205.0, 84, -667.1300000000008)
('last100', 1369.53, 285.31, 76.84)
(1510, 1363, 193.0, 78, -640.9499999999972)

target_params_replaced

(1520, 1100, 251.0, 60, -833.4799999999966)
(1530, 2978, 207.0, 189, -424.29749999999)
(1540, 939, 331.0, 37, -685.7699999999963)
(1550, 929, 271.0, 57, -657.8500000000041)
(1560, 929, 345.0, 39, -741.7699999999979)
(1570, 1704, 273.0, 94, -1048.100000000009)
(1580, 929, 321.0, 51, -740.200000000002)

target_params_replaced

(1590, 929, 402.0, 29, -788.8500000000029)
(1600, 1974, 320.0, 97, -1027.620000000014)
('last100', 1333.59, 270.17, 75.14)
(1610, 939, 368.0, 48, -801.0099999999987)
(1620, 2069, 279.0, 106, -1394.3508333333557)
(1630, 1363, 198.0, 75, -628.4199999999947)
(1640, 929, 232.0, 54, -451.56000000000176)
(1650, 1974, 237.0, 111, -1209.8508333333264)
(1660, 929, 231.0, 58, -518.2600000000028)
(1670, 929, 306.0, 49, -702.2199999999996)

target_params_replaced

(1680, 939, 337.0, 42, -760.5900000000086)
(1690, 1179, 249.0, 62, -954.4499999999873)
(1700, 929, 328.0, 36, -703.7300000000004)
('last100', 1195.11, 299.26, 63.82)
(1710, 929, 292.0, 50, -621.6700000000059)
(1720, 939, 282.0, 51, -668.5699999999995)
(1730, 1305, 230.0, 66, -763.8500000000024)
(1740, 939, 384.0, 55, -819.720000000001)
(1750, 939, 315.0, 58, -682.0999999999974)

target_params_replaced

(1760, 929, 303.0, 46, -685.8799999999912)
(1770, 939, 293.0, 53, -685.9099999999995)
(1780, 929, 245.0, 50, -470.9800000000004)
(1790, 1100, 206.0, 60, -630.6699999999956)
(1800, 939, 298.0, 54, -700.4300000000022)
('last100', 1285.26, 288.08, 70.16)
(1810, 939, 446.0, 42, -815.7500000000035)
(1820, 929, 310.0, 52, -743.5600000000003)

target_params_replaced

(1830, 1704, 236.0, 95, -662.5700000000058)
(1840, 3268, 192.0, 229, -691.3150000000041)
(1850, 3704, 259.0, 261, -1324.4566666666617)
(1860, 2667, 242.0, 170, -1072.4616666666484)
(1870, 3704, 271.0, 274, -1248.170833333328)
(1880, 1115, 253.0, 58, -866.2899999999928)
(1890, 1100, 248.0, 60, -819.6899999999908)
(1900, 939, 254.0, 55, -669.9600000000095)
('last100', 1343.29, 291.13, 73.26)

target_params_replaced

(1910, 929, 273.0, 57, -700.7399999999958)
(1920, 939, 233.0, 57, -511.69999999999885)
(1930, 1293, 391.0, 66, -1242.9399999999862)
(1940, 985, 270.0, 51, -630.9900000000023)
(1950, 1115, 218.0, 58, -651.9899999999927)
(1960, 939, 318.0, 59, -722.9200000000061)
(1970, 929, 484.0, 36, -870.0900000000026)
(1980, 2808, 201.0, 177, -462.19583333332065)

target_params_replaced

(1990, 1305, 234.0, 82, -999.9900000000088)
(2000, 929, 334.0, 34, -689.9899999999984)
('last100', 1272.4, 299.93, 67.73)
Model has saved at ./model0
(2010, 2077, 190.0, 118, -609.3649999999911)
(2020, 2667, 288.0, 166, -1987.4008333333402)
(2030, 1115, 256.0, 58, -918.9599999999998)
(2040, 1305, 242.0, 63, -899.5299999999902)
(2050, 929, 288.0, 48, -703.5699999999929)

target_params_replaced

(2060, 929, 315.0, 51, -741.010000000001)
(2070, 2808, 234.0, 177, -1016.555000000001)
(2080, 1363, 194.0, 74, -640.7499999999967)
(2090, 939, 234.0, 50, -505.30000000000143)
(2100, 1976, 221.0, 106, -622.7841666666569)
('last100', 1292.91, 276.86, 70.07)
(2110, 929, 542.0, 12, -910.0799999999975)
(2120, 929, 377.0, 41, -761.1900000000059)
(2130, 929, 249.0, 51, -508.769999999997)

target_params_replaced

(2140, 929, 235.0, 54, -487.9099999999986)
(2150, 2111, 222.0, 121, -1301.3624999999888)
(2160, 2077, 253.0, 120, -1274.2058333333205)
(2170, 1115, 220.0, 60, -727.939999999994)
(2180, 1115, 178.0, 61, -554.7999999999961)
(2190, 929, 447.0, 20, -802.7699999999878)
(2200, 1305, 215.0, 66, -636.7400000000009)
('last100', 1257.29, 290.38, 65.27)
(2210, 1976, 294.0, 99, -1314.9999999999857)

target_params_replaced

(2220, 1974, 224.0, 95, -627.3999999999985)
(2230, 939, 236.0, 58, -481.12999999999994)
(2240, 929, 229.0, 51, -499.7999999999978)
(2250, 2807, 267.0, 145, -575.3333333333356)
(2260, 939, 377.0, 58, -756.619999999999)
(2270, 929, 395.0, 47, -787.5900000000044)
(2280, 1100, 182.0, 59, -553.7199999999988)
(2290, 929, 456.0, 18, -808.5900000000055)

target_params_replaced

(2300, 939, 204.0, 57, -491.6500000000029)
('last100', 1208.14, 286.85, 63.42)
(2310, 929, 336.0, 40, -723.6600000000038)
(2320, 1974, 327.0, 88, -1357.7600000000432)
(2330, 929, 385.0, 54, -829.7699999999977)
(2340, 3704, 254.0, 245, -234.29833333334196)
(2350, 929, 537.0, 12, -943.8199999999989)
(2360, 929, 337.0, 54, -720.1900000000036)
(2370, 1974, 250.0, 104, -1130.8108333333205)
(2380, 929, 342.0, 47, -765.9999999999924)

target_params_replaced

(2390, 3455, 219.0, 263, -439.4983333333257)
(2400, 929, 312.0, 48, -729.8799999999958)
('last100', 1272.28, 315.95, 63.94)
(2410, 929, 444.0, 20, -810.6899999999871)
(2420, 939, 206.0, 58, -473.67000000000263)
(2430, 2667, 255.0, 167, -964.5016666666785)
(2440, 929, 228.0, 49, -474.6599999999952)
(2450, 929, 511.0, 23, -950.4399999999988)
(2460, 929, 374.0, 41, -822.0000000000093)

target_params_replaced

(2470, 929, 356.0, 33, -704.2999999999969)
(2480, 939, 361.0, 54, -800.2100000000065)
(2490, 929, 431.0, 28, -845.9900000000004)
(2500, 1305, 211.0, 82, -723.1699999999984)
('last100', 1147.24, 298.33, 59.7)
(2510, 1100, 271.0, 53, -876.3200000000044)
(2520, 929, 365.0, 53, -811.0999999999996)
(2530, 939, 381.0, 46, -824.6999999999932)
(2540, 929, 313.0, 48, -698.6000000000012)

target_params_replaced

(2550, 929, 351.0, 34, -716.8800000000027)
(2560, 929, 381.0, 41, -739.8299999999945)
(2570, 939, 379.0, 42, -736.9999999999985)
(2580, 939, 399.0, 33, -783.2599999999891)
(2590, 1100, 162.0, 60, -527.9000000000024)
(2600, 939, 274.0, 51, -680.4500000000013)
('last100', 1129.01, 304.15, 58.59)
(2610, 939, 355.0, 55, -774.7999999999986)
(2620, 929, 382.0, 30, -748.5200000000062)
(2630, 1115, 275.0, 51, -794.3399999999946)
(2640, 929, 457.0, 22, -819.5499999999923)

target_params_replaced

(2650, 939, 233.0, 57, -535.9499999999978)
(2660, 929, 315.0, 44, -719.7900000000035)
(2670, 929, 308.0, 47, -685.0200000000082)
(2680, 929, 363.0, 32, -750.9999999999905)
(2690, 1704, 265.0, 96, -1079.039999999998)
(2700, 929, 436.0, 23, -818.5399999999946)
('last100', 1071.92, 330.82, 51.74)
(2710, 929, 538.0, 10, -903.7799999999935)
(2720, 1974, 213.0, 100, -537.2800000000001)
(2730, 939, 326.0, 54, -784.8900000000018)

target_params_replaced

(2740, 1115, 244.0, 61, -782.7200000000038)
(2750, 939, 294.0, 57, -753.2900000000021)
(2760, 929, 541.0, 26, -951.9099999999964)
(2770, 929, 369.0, 43, -779.6600000000036)
(2780, 1974, 267.0, 94, -922.0700000000006)
(2790, 929, 346.0, 54, -750.0200000000027)
(2800, 929, 326.0, 54, -686.9500000000024)
('last100', 1196.41, 305.17, 61.68)
(2810, 1100, 294.0, 53, -886.3000000000003)

target_params_replaced

(2820, 929, 314.0, 37, -670.3199999999955)
(2830, 929, 212.0, 55, -485.7599999999947)
(2840, 985, 369.0, 52, -823.0999999999967)
(2850, 1704, 263.0, 95, -759.7499999999992)
(2860, 929, 395.0, 38, -777.5599999999973)
(2870, 929, 231.0, 57, -529.1099999999968)
(2880, 929, 387.0, 38, -772.1100000000047)
(2890, 939, 302.0, 48, -697.3000000000047)
(2900, 929, 474.0, 27, -861.99)
('last100', 1156.94, 311.96, 58.9)

target_params_replaced

(2910, 929, 350.0, 43, -747.5300000000059)
(2920, 985, 228.0, 53, -488.2500000000034)
(2930, 1100, 177.0, 57, -516.3799999999982)
(2940, 1305, 274.0, 64, -1085.8299999999842)
(2950, 929, 401.0, 45, -832.659999999998)
(2960, 929, 412.0, 36, -835.7599999999967)
(2970, 929, 376.0, 32, -736.260000000011)
(2980, 1179, 215.0, 63, -893.5699999999913)
(2990, 929, 449.0, 27, -873.5600000000004)

target_params_replaced

(3000, 929, 390.0, 42, -802.2700000000066)
('last100', 1079.12, 342.14, 51.61)
Model has saved at ./model0
(3010, 929, 337.0, 40, -713.9300000000019)
(3020, 1305, 199.0, 69, -623.9000000000086)
(3030, 929, 433.0, 35, -846.6500000000015)
(3040, 929, 273.0, 51, -622.6599999999988)
(3050, 1305, 259.0, 61, -934.5600000000031)
(3060, 929, 350.0, 57, -782.639999999996)
(3070, 929, 350.0, 40, -756.0299999999964)
(3080, 929, 534.0, 45, -931.7199999999966)

target_params_replaced

(3090, 1293, 203.0, 71, -667.6300000000041)
(3100, 1100, 255.0, 61, -912.4599999999931)
('last100', 1049.16, 326.64, 49.62)
(3110, 939, 275.0, 60, -681.6199999999975)
(3120, 1115, 234.0, 57, -778.6100000000148)
(3130, 1305, 221.0, 74, -754.2200000000087)
(3140, 939, 209.0, 57, -481.069999999997)
(3150, 929, 414.0, 33, -797.140000000004)
(3160, 929, 539.0, 15, -926.5500000000022)
(3170, 929, 237.0, 50, -505.35999999999956)

target_params_replaced

(3180, 929, 487.0, 19, -848.0500000000025)
(3190, 1976, 269.0, 103, -1318.063333333323)
(3200, 2667, 305.0, 130, -914.7058333333396)
('last100', 1225.31, 330.72, 59.1)
(3210, 929, 328.0, 55, -777.9600000000046)
(3220, 929, 387.0, 37, -783.4100000000004)
(3230, 929, 405.0, 26, -777.8700000000001)
(3240, 1305, 226.0, 71, -828.6299999999891)
(3250, 939, 339.0, 38, -729.1199999999986)
(3260, 929, 315.0, 56, -770.5700000000099)

target_params_replaced

(3270, 929, 297.0, 50, -700.8799999999989)
(3280, 939, 348.0, 56, -787.0599999999996)
(3290, 939, 285.0, 54, -733.260000000002)
(3300, 929, 237.0, 56, -478.33999999999776)
('last100', 1072.88, 331.92, 51.93)
(3310, 929, 510.0, 35, -864.0899999999996)
(3320, 1179, 238.0, 65, -970.3600000000032)
(3330, 929, 421.0, 45, -809.9799999999992)
(3340, 929, 502.0, 23, -853.039999999995)
(3350, 939, 216.0, 58, -498.4500000000046)

target_params_replaced

(3360, 1115, 253.0, 51, -794.2999999999969)
(3370, 1305, 198.0, 76, -644.609999999999)
(3380, 929, 320.0, 56, -732.9800000000018)
(3390, 1305, 221.0, 71, -671.3399999999955)
(3400, 1305, 228.0, 63, -642.7300000000034)
('last100', 1112.94, 314.89, 54.81)
(3410, 1704, 261.0, 99, -1195.259999999984)
(3420, 929, 291.0, 50, -701.3299999999969)
(3430, 929, 241.0, 49, -484.1099999999971)
(3440, 929, 402.0, 31, -785.7700000000052)

target_params_replaced

(3450, 929, 288.0, 59, -684.2700000000013)
(3460, 1115, 382.0, 56, -1005.1000000000032)
(3470, 929, 505.0, 35, -931.9099999999943)
(3480, 1704, 379.0, 74, -1458.889999999983)
(3490, 929, 374.0, 33, -795.8799999999873)
(3500, 939, 313.0, 52, -752.3299999999957)
('last100', 1114.1, 335.2, 53.95)
(3510, 939, 287.0, 53, -636.0100000000054)
(3520, 939, 294.0, 43, -586.5100000000039)
(3530, 929, 346.0, 54, -729.0799999999981)

target_params_replaced

(3540, 929, 358.0, 37, -744.4399999999944)
(3550, 929, 455.0, 29, -841.4600000000088)
(3560, 939, 336.0, 46, -725.3999999999879)
(3570, 939, 308.0, 53, -730.6200000000014)
(3580, 1704, 264.0, 89, -960.5699999999994)
(3590, 929, 429.0, 27, -784.5499999999977)
(3600, 985, 274.0, 42, -567.7399999999951)
('last100', 1035.13, 329.63, 50.23)
(3610, 929, 405.0, 24, -748.4799999999913)
(3620, 1100, 311.0, 52, -967.0199999999917)
(3630, 939, 406.0, 38, -779.3200000000036)

target_params_replaced

(3640, 929, 371.0, 55, -818.7100000000007)
(3650, 929, 415.0, 49, -846.3999999999955)
(3660, 929, 361.0, 53, -782.0700000000007)
(3670, 1115, 219.0, 60, -824.8299999999903)
(3680, 1100, 183.0, 59, -529.5300000000043)
(3690, 929, 268.0, 55, -636.7100000000017)
(3700, 929, 253.0, 50, -523.8499999999984)
('last100', 1110.63, 336.68, 52.1)
(3710, 929, 313.0, 44, -699.869999999997)
(3720, 939, 327.0, 35, -684.169999999996)

target_params_replaced

(3730, 929, 327.0, 36, -723.6799999999931)
(3740, 929, 299.0, 45, -707.1999999999911)
(3750, 929, 541.0, 27, -954.6999999999958)
(3760, 929, 283.0, 58, -730.7300000000016)
(3770, 929, 415.0, 28, -841.2100000000079)
(3780, 939, 294.0, 52, -681.6400000000061)
(3790, 929, 409.0, 34, -835.0300000000062)
(3800, 939, 443.0, 39, -812.690000000007)
('last100', 1042.89, 352.9, 46.98)
(3810, 929, 430.0, 32, -829.6000000000014)

target_params_replaced

(3820, 3899, 222.0, 300, -164.92166666666876)
(3830, 1704, 306.0, 76, -923.4399999999869)
(3840, 929, 366.0, 29, -739.280000000006)
(3850, 1179, 284.0, 63, -999.5299999999961)
(3860, 1100, 260.0, 42, -656.2500000000076)
(3870, 939, 282.0, 43, -608.6599999999977)
(3880, 929, 435.0, 29, -823.5400000000074)
(3890, 929, 438.0, 23, -845.6699999999952)
(3900, 1386, 268.0, 77, -1103.6100000000047)
('last100', 1073.79, 341.67, 50.53)

target_params_replaced

(3910, 929, 384.0, 43, -775.4299999999935)
(3920, 929, 371.0, 52, -816.8199999999894)
(3930, 929, 470.0, 22, -883.8499999999901)
(3940, 1704, 331.0, 71, -1104.529999999985)
(3950, 939, 310.0, 59, -758.5899999999934)
(3960, 929, 241.0, 54, -511.0200000000046)
(3970, 1704, 206.0, 104, -561.406666666673)
(3980, 2280, 267.0, 146, -1986.6049999999725)
(3990, 939, 334.0, 54, -772.3499999999962)

target_params_replaced

(4000, 939, 317.0, 52, -737.0600000000013)
('last100', 1192.45, 337.45, 57.63)
Model has saved at ./model0
(4010, 939, 455.0, 49, -835.3300000000003)
(4020, 939, 280.0, 41, -602.5600000000054)
(4030, 929, 322.0, 39, -719.479999999999)
(4040, 939, 444.0, 31, -841.8599999999982)
(4050, 1363, 206.0, 68, -626.430000000015)
(4060, 939, 219.0, 54, -488.8600000000014)
(4070, 929, 454.0, 27, -896.5400000000019)
(4080, 1115, 330.0, 54, -929.6899999999963)

target_params_replaced

(4090, 929, 390.0, 53, -815.2200000000026)
(4100, 929, 386.0, 30, -764.7700000000074)
('last100', 1044.67, 349.21, 47.94)
(4110, 985, 374.0, 40, -751.5200000000033)
(4120, 929, 357.0, 36, -715.889999999997)
(4130, 929, 315.0, 47, -665.3600000000008)
(4140, 2209, 251.0, 135, -1826.4524999999783)
(4150, 929, 340.0, 47, -776.2299999999951)
(4160, 2808, 307.0, 185, -2282.165000000012)
(4170, 1179, 234.0, 54, -929.6500000000069)
(4180, 1100, 347.0, 59, -970.279999999992)

target_params_replaced

(4190, 985, 333.0, 38, -737.200000000004)
(4200, 929, 401.0, 41, -837.6800000000025)
('last100', 1086.45, 344.42, 50.55)
(4210, 985, 244.0, 53, -458.1600000000005)
(4220, 939, 398.0, 34, -762.8399999999992)
(4230, 929, 417.0, 45, -862.1899999999987)
(4240, 1305, 308.0, 71, -1109.0899999999885)
(4250, 985, 389.0, 52, -827.9899999999957)
(4260, 929, 455.0, 44, -896.9000000000015)
(4270, 929, 372.0, 42, -820.4199999999963)

target_params_replaced

(4280, 1974, 257.0, 100, -887.0300000000003)
(4290, 929, 405.0, 29, -797.5100000000125)
(4300, 1115, 254.0, 49, -771.9099999999954)
('last100', 1088.05, 345.14, 49.47)
(4310, 939, 274.0, 54, -656.3400000000049)
(4320, 939, 403.0, 58, -800.2000000000011)
(4330, 985, 255.0, 48, -544.8999999999979)
(4340, 939, 237.0, 54, -507.34000000000066)
(4350, 929, 470.0, 42, -861.1500000000021)
(4360, 929, 509.0, 14, -868.4700000000049)

target_params_replaced

(4370, 939, 373.0, 56, -791.4100000000053)
(4380, 939, 439.0, 50, -827.4300000000038)
(4390, 929, 507.0, 15, -885.3100000000053)
(4400, 929, 389.0, 43, -826.4500000000079)
('last100', 1046.05, 333.95, 48.87)
(4410, 929, 411.0, 28, -765.6700000000013)
(4420, 939, 311.0, 58, -740.7500000000017)
(4430, 929, 351.0, 48, -733.9199999999962)
(4440, 939, 363.0, 48, -778.5399999999953)
(4450, 939, 369.0, 51, -784.2300000000015)

target_params_replaced

(4460, 929, 324.0, 42, -736.4100000000049)
(4470, 1115, 261.0, 52, -876.9000000000036)
(4480, 1179, 201.0, 60, -720.1499999999893)
(4490, 1115, 355.0, 50, -994.6899999999976)
(4500, 939, 317.0, 46, -695.3399999999954)
('last100', 1157.94, 319.79, 57.4)
(4510, 1100, 227.0, 58, -733.4099999999975)
(4520, 1305, 196.0, 78, -628.6199999999995)
(4530, 929, 348.0, 38, -742.9199999999972)
(4540, 939, 373.0, 32, -786.1400000000008)

target_params_replaced

(4550, 939, 315.0, 49, -753.5699999999963)
(4560, 929, 298.0, 44, -627.3200000000012)
(4570, 929, 268.0, 50, -631.2999999999946)
(4580, 929, 368.0, 44, -770.5699999999963)
(4590, 1363, 237.0, 71, -890.9199999999921)
(4600, 929, 331.0, 37, -720.5499999999937)
('last100', 1049.04, 351.37, 46.93)
(4610, 929, 397.0, 41, -807.1700000000009)
(4620, 939, 307.0, 43, -690.7800000000052)
(4630, 929, 331.0, 43, -742.4799999999948)

target_params_replaced

(4640, 929, 422.0, 27, -775.269999999998)
(4650, 929, 449.0, 45, -884.7399999999932)
(4660, 929, 436.0, 27, -862.5800000000029)
(4670, 929, 391.0, 48, -834.8699999999944)
(4680, 939, 392.0, 45, -793.3099999999945)
(4690, 939, 247.0, 44, -435.8299999999952)
(4700, 929, 333.0, 44, -732.2599999999978)
('last100', 1044.32, 361.45, 45.36)
(4710, 939, 511.0, 46, -897.4799999999941)
(4720, 929, 417.0, 42, -863.4599999999948)
(4730, 929, 413.0, 29, -810.3100000000113)

target_params_replaced

(4740, 939, 282.0, 54, -694.5700000000077)
(4750, 939, 364.0, 42, -791.0099999999941)
(4760, 929, 451.0, 22, -833.0199999999933)
(4770, 1704, 247.0, 89, -746.1699999999978)
(4780, 929, 245.0, 49, -546.820000000005)
(4790, 1115, 189.0, 56, -585.6100000000104)
(4800, 929, 521.0, 24, -909.7799999999955)
('last100', 1092.16, 354.5, 48.51)
(4810, 939, 350.0, 40, -771.8300000000022)
(4820, 929, 462.0, 35, -883.7199999999996)

target_params_replaced

(4830, 1115, 235.0, 58, -827.8499999999875)
(4840, 929, 501.0, 14, -855.3500000000059)
(4850, 929, 206.0, 54, -519.010000000003)
(4860, 939, 380.0, 26, -774.2400000000038)
(4870, 939, 405.0, 32, -765.9599999999939)
(4880, 929, 445.0, 31, 