2018-01-08 13:04:01.167543: I tensorflow/core/platform/cpu_feature_guard.cc:137] Your CPU supports instructions that this TensorFlow binary was not compiled to use: SSE4.1 SSE4.2 AVX AVX2 FMA
2018-01-08 13:04:01.441620: I tensorflow/core/common_runtime/gpu/gpu_device.cc:1030] Found device 0 with properties: 
name: GeForce GTX 1080 major: 6 minor: 1 memoryClockRate(GHz): 1.835
pciBusID: 0000:02:00.0
totalMemory: 7.92GiB freeMemory: 107.69MiB
2018-01-08 13:04:01.753588: I tensorflow/core/common_runtime/gpu/gpu_device.cc:1030] Found device 1 with properties: 
name: GeForce GTX 1080 major: 6 minor: 1 memoryClockRate(GHz): 1.835
pciBusID: 0000:82:00.0
totalMemory: 7.92GiB freeMemory: 283.00MiB
2018-01-08 13:04:01.753738: I tensorflow/core/common_runtime/gpu/gpu_device.cc:1045] Device peer to peer matrix
2018-01-08 13:04:01.753770: I tensorflow/core/common_runtime/gpu/gpu_device.cc:1051] DMA: 0 1 
2018-01-08 13:04:01.753780: I tensorflow/core/common_runtime/gpu/gpu_device.cc:1061] 0:   Y N 
2018-01-08 13:04:01.753786: I tensorflow/core/common_runtime/gpu/gpu_device.cc:1061] 1:   N Y 
2018-01-08 13:04:01.753797: I tensorflow/core/common_runtime/gpu/gpu_device.cc:1120] Creating TensorFlow device (/device:GPU:0) -> (device: 0, name: GeForce GTX 1080, pci bus id: 0000:02:00.0, compute capability: 6.1)
2018-01-08 13:04:01.753805: I tensorflow/core/common_runtime/gpu/gpu_device.cc:1120] Creating TensorFlow device (/device:GPU:1) -> (device: 1, name: GeForce GTX 1080, pci bus id: 0000:82:00.0, compute capability: 6.1)
[55.0, 167, 1041, 1048]
(0, 615, 153.0, 28, -311.70000000000215)
Model has saved at ./model2

target_params_replaced

(10, 849, 287.0, 21, -543.4600000000038)
(20, 615, 145.0, 30, -300.47999999999985)
(30, 849, 190.0, 54, -389.5700000000001)
(40, 996, 204.0, 66, -543.3999999999985)
(50, 1137, 136.0, 92, -385.93999999999807)
(60, 615, 155.0, 36, -429.69000000000096)
(70, 665, 189.0, 33, -417.3700000000009)
(80, 615, 170.0, 19, -376.8499999999991)
(90, 615, 181.0, 24, -409.7199999999997)
(100, 615, 166.0, 21, -339.1)
('last100', 746.05, 176.07, 43.65)
(110, 615, 158.0, 34, -427.06999999999937)
(120, 615, 176.0, 29, -399.11999999999813)
(130, 615, 159.0, 27, -370.5099999999988)

target_params_replaced

(140, 615, 218.0, 12, -467.4399999999998)
(150, 615, 192.0, 15, -440.3599999999978)
(160, 849, 194.0, 53, -489.85000000000036)
(170, 615, 161.0, 36, -365.6600000000008)
(180, 1149, 150.0, 89, -466.54999999999836)
(190, 615, 145.0, 40, -405.82999999999896)
(200, 615, 192.0, 32, -471.8600000000046)
('last100', 750.95, 177.64, 43.02)
(210, 615, 138.0, 37, -323.0399999999997)
(220, 615, 143.0, 38, -305.67999999999995)
(230, 615, 131.0, 36, -270.4100000000001)
(240, 665, 151.0, 43, -322.2099999999995)
(250, 615, 169.0, 28, -432.0600000000012)
(260, 615, 175.0, 23, -454.43000000000177)
(270, 615, 173.0, 27, -384.2799999999993)

target_params_replaced

(280, 901, 235.0, 52, -454.5400000000029)
(290, 615, 148.0, 29, -265.7100000000007)
(300, 615, 167.0, 34, -440.4700000000001)
('last100', 730.65, 174.65, 41.29)
(310, 615, 163.0, 31, -411.3699999999987)
(320, 849, 208.0, 48, -524.1099999999973)
(330, 849, 225.0, 43, -408.5900000000048)
(340, 1149, 133.0, 96, -444.61000000000087)
(350, 849, 171.0, 61, -406.6800000000006)
(360, 615, 159.0, 22, -343.6899999999984)
(370, 665, 172.0, 27, -283.78000000000037)
(380, 615, 186.0, 21, -400.3399999999987)
(390, 996, 177.0, 68, -408.98000000000167)
(400, 615, 160.0, 31, -395.0000000000003)
('last100', 757.18, 178.54, 44.2)

target_params_replaced

(410, 615, 149.0, 34, -355.6799999999997)
(420, 996, 160.0, 73, -447.97999999999945)
(430, 665, 145.0, 51, -295.64)
(440, 665, 189.0, 33, -439.75999999999806)
(450, 615, 166.0, 27, -348.95999999999964)
(460, 615, 156.0, 31, -405.70999999999833)
(470, 849, 199.0, 50, -384.8599999999998)
(480, 615, 187.0, 27, -441.8499999999979)
(490, 849, 201.0, 52, -351.73000000000013)
(500, 615, 146.0, 35, -358.7199999999992)
('last100', 732.55, 174.32, 41.11)
(510, 615, 201.0, 16, -456.659999999999)
(520, 1059, 178.0, 74, -507.0999999999973)
(530, 615, 160.0, 23, -294.93000000000063)

target_params_replaced

(540, 615, 175.0, 27, -394.16999999999865)
(550, 901, 254.0, 45, -481.630000000001)
(560, 665, 183.0, 38, -438.3600000000005)
(570, 615, 136.0, 33, -300.9999999999994)
(580, 901, 235.0, 55, -552.9799999999998)
(590, 1392, 230.0, 88, -479.6399999999993)
(600, 615, 145.0, 37, -352.1599999999998)
('last100', 726.65, 173.82, 40.64)
(610, 615, 193.0, 23, -464.4599999999999)
(620, 615, 176.0, 38, -456.69000000000136)
(630, 849, 162.0, 55, -346.2500000000015)
(640, 615, 169.0, 24, -407.0399999999983)
(650, 615, 152.0, 31, -332.8599999999997)
(660, 849, 207.0, 59, -528.3199999999986)
(670, 615, 151.0, 29, -361.3100000000011)

target_params_replaced

(680, 615, 147.0, 36, -369.38999999999993)
(690, 615, 134.0, 38, -340.74999999999835)
(700, 615, 185.0, 20, -457.4399999999988)
('last100', 704.72, 176.75, 37.06)
(710, 615, 158.0, 29, -359.5499999999996)
(720, 849, 204.0, 54, -453.8900000000009)
(730, 615, 151.0, 25, -284.4600000000004)
(740, 996, 181.0, 74, -586.6099999999992)
(750, 615, 187.0, 24, -429.33999999999907)
(760, 901, 192.0, 57, -510.59000000000265)
(770, 615, 145.0, 36, -323.8499999999995)
(780, 615, 130.0, 45, -313.24999999999994)
(790, 615, 187.0, 38, -450.5199999999999)
(800, 849, 154.0, 68, -377.2200000000002)
('last100', 701.33, 182.68, 35.74)
(810, 1149, 133.0, 91, -345.81999999999965)
(820, 849, 235.0, 51, -489.0600000000034)

target_params_replaced

(830, 615, 153.0, 27, -394.57000000000005)
(840, 615, 195.0, 16, -406.23000000000036)
(850, 849, 272.0, 38, -619.3699999999959)
(860, 615, 157.0, 23, -345.7799999999975)
(870, 615, 165.0, 25, -397.96000000000004)
(880, 615, 155.0, 30, -315.1600000000013)
(890, 849, 192.0, 60, -438.84999999999974)
(900, 615, 135.0, 40, -301.250000000002)
('last100', 724.81, 179.25, 39.23)
(910, 849, 238.0, 49, -491.8399999999974)
(920, 615, 165.0, 28, -415.2300000000015)
(930, 615, 160.0, 24, -346.20999999999805)
(940, 615, 170.0, 24, -408.4499999999987)
(950, 615, 150.0, 27, -359.5200000000009)

target_params_replaced

(960, 849, 220.0, 36, -384.6299999999978)
(970, 615, 163.0, 24, -283.1700000000018)
(980, 615, 146.0, 33, -285.7399999999995)
(990, 615, 180.0, 38, -451.1899999999981)
(1000, 665, 168.0, 42, -406.66)
('last100', 744.25, 180.04, 40.36)
Model has saved at ./model2
(1010, 615, 177.0, 18, -412.34999999999764)
(1020, 849, 214.0, 56, -449.3900000000014)
(1030, 615, 183.0, 32, -449.92999999999967)
(1040, 615, 144.0, 30, -297.98000000000064)
(1050, 665, 158.0, 44, -330.4500000000022)
(1060, 849, 230.0, 48, -568.7799999999977)
(1070, 1594, 215.0, 148, -322.68166666666525)
(1080, 615, 159.0, 22, -363.0199999999968)
(1090, 1599, 197.0, 145, -357.6066666666635)

target_params_replaced

(1100, 615, 167.0, 22, -403.87999999999647)
('last100', 740.09, 174.45, 42.24)
(1110, 996, 178.0, 71, -403.4500000000054)
(1120, 615, 147.0, 30, -315.8200000000002)
(1130, 996, 200.0, 71, -510.80999999999955)
(1140, 615, 171.0, 21, -388.8200000000002)
(1150, 615, 139.0, 41, -376.22000000000054)
(1160, 615, 147.0, 24, -313.92999999999745)
(1170, 665, 175.0, 34, -377.35000000000133)
(1180, 615, 142.0, 30, -325.85000000000025)
(1190, 615, 197.0, 12, -374.5900000000013)
(1200, 615, 142.0, 40, -383.97000000000014)
('last100', 732.2, 174.62, 42.3)
(1210, 615, 171.0, 25, -383.3799999999981)
(1220, 615, 173.0, 26, -412.2499999999982)

target_params_replaced

(1230, 849, 203.0, 58, -495.7399999999991)
(1240, 615, 189.0, 31, -465.3200000000008)
(1250, 615, 176.0, 30, -383.2099999999987)
(1260, 615, 178.0, 38, -460.27999999999986)
(1270, 615, 137.0, 33, -269.3299999999992)
(1280, 615, 154.0, 29, -361.51000000000096)
(1290, 615, 188.0, 30, -451.8599999999985)
(1300, 615, 226.0, 10, -476.90999999999946)
('last100', 720.83, 181.19, 38.93)
(1310, 615, 141.0, 28, -262.42000000000127)
(1320, 615, 152.0, 35, -349.88000000000045)
(1330, 665, 186.0, 32, -452.9800000000009)
(1340, 1599, 183.0, 132, -147.6108333333365)
(1350, 849, 213.0, 55, -477.27000000000004)
(1360, 615, 173.0, 20, -377.97000000000213)

target_params_replaced

(1370, 615, 173.0, 26, -453.2299999999986)
(1380, 1137, 143.0, 77, -455.92000000000246)
(1390, 1137, 152.0, 86, -389.6000000000003)
(1400, 849, 228.0, 37, -437.98999999999745)
('last100', 738.35, 173.68, 41.96)
(1410, 615, 130.0, 40, -288.1700000000006)
(1420, 901, 221.0, 47, -448.37999999999954)
(1430, 615, 168.0, 24, -313.43999999999835)
(1440, 615, 117.0, 36, -191.14999999999958)
(1450, 996, 196.0, 78, -441.2899999999998)
(1460, 615, 155.0, 26, -341.27999999999975)
(1470, 615, 181.0, 34, -456.1699999999989)
(1480, 615, 188.0, 26, -406.34999999999854)
(1490, 849, 211.0, 54, -465.24000000000103)
(1500, 615, 207.0, 19, -464.14000000000146)
('last100', 706.92, 172.24, 38.29)

target_params_replaced

(1510, 615, 146.0, 38, -322.9700000000004)
(1520, 615, 181.0, 25, -460.98999999999756)
(1530, 615, 230.0, 6, -491.06000000000273)
(1540, 615, 166.0, 34, -397.6100000000015)
(1550, 615, 198.0, 17, -414.89000000000055)
(1560, 615, 145.0, 41, -317.14999999999975)
(1570, 615, 164.0, 28, -404.62999999999994)
(1580, 615, 213.0, 13, -446.03999999999894)
(1590, 849, 199.0, 66, -369.7700000000003)
(1600, 615, 149.0, 25, -271.43000000000086)
('last100', 658.05, 188.21, 27.95)
(1610, 615, 160.0, 29, -431.4000000000005)
(1620, 615, 184.0, 22, -457.16999999999763)
(1630, 615, 189.0, 15, -426.75000000000256)
(1640, 615, 182.0, 19, -409.1199999999975)
(1650, 615, 131.0, 44, -271.7799999999995)

target_params_replaced

(1660, 615, 139.0, 31, -281.7800000000012)
(1670, 615, 203.0, 10, -404.00000000000256)
(1680, 615, 165.0, 24, -361.1299999999988)
(1690, 615, 178.0, 18, -435.8899999999987)
(1700, 849, 257.0, 37, -499.8199999999973)
('last100', 671.3, 181.5, 30.54)
(1710, 615, 186.0, 17, -384.1299999999993)
(1720, 849, 260.0, 35, -608.2499999999986)
(1730, 615, 177.0, 24, -363.2199999999978)
(1740, 615, 181.0, 15, -368.85999999999933)
(1750, 615, 186.0, 37, -468.1299999999983)
(1760, 849, 166.0, 70, -406.5100000000003)
(1770, 615, 178.0, 16, -349.2999999999993)
(1780, 615, 225.0, 9, -473.59000000000026)
(1790, 665, 186.0, 26, -391.47999999999945)
(1800, 615, 138.0, 31, -294.63000000000045)
('last100', 651.86, 182.08, 27.12)

target_params_replaced

(1810, 849, 180.0, 55, -341.98000000000013)
(1820, 615, 204.0, 10, -417.9799999999997)
(1830, 615, 161.0, 27, -339.5099999999999)
(1840, 615, 161.0, 23, -349.82999999999976)
(1850, 615, 139.0, 28, -233.2300000000003)
(1860, 849, 200.0, 55, -447.34000000000276)
(1870, 849, 235.0, 42, -432.3900000000037)
(1880, 615, 198.0, 10, -405.3099999999958)
(1890, 615, 171.0, 26, -318.45999999999873)
(1900, 615, 147.0, 35, -317.57000000000045)
('last100', 727.3, 179.47, 37.57)
(1910, 615, 171.0, 18, -345.7299999999985)
(1920, 849, 228.0, 54, -442.1300000000004)
(1930, 615, 136.0, 27, -238.4400000000011)
(1940, 1212, 205.0, 93, -481.75999999999704)

target_params_replaced

(1950, 665, 174.0, 40, -280.6900000000011)
(1960, 615, 146.0, 24, -263.6000000000011)
(1970, 615, 159.0, 20, -331.98000000000195)
(1980, 615, 175.0, 18, -351.1000000000007)
(1990, 615, 149.0, 34, -294.7000000000001)
(2000, 996, 209.0, 60, -415.54999999999905)
('last100', 755.34, 175.53, 40.32)
Model has saved at ./model2
(2010, 615, 203.0, 13, -413.55999999999983)
(2020, 2153, 207.0, 217, -235.20166666666302)
(2030, 665, 150.0, 38, -262.08000000000106)
(2040, 996, 181.0, 65, -394.40000000000316)
(2050, 901, 173.0, 66, -355.2900000000012)
(2060, 1137, 152.0, 88, -427.5899999999994)
(2070, 665, 171.0, 28, -249.1400000000006)

target_params_replaced

(2080, 615, 173.0, 16, -345.7300000000009)
(2090, 615, 194.0, 19, -466.3999999999997)
(2100, 615, 191.0, 16, -395.25999999999675)
('last100', 746.84, 172.25, 41.99)
(2110, 901, 183.0, 68, -481.5900000000021)
(2120, 615, 164.0, 22, -343.7399999999978)
(2130, 615, 142.0, 39, -323.6800000000011)
(2140, 615, 124.0, 37, -207.3800000000017)
(2150, 615, 151.0, 31, -339.60999999999956)
(2160, 615, 180.0, 13, -321.6399999999995)
(2170, 1137, 151.0, 85, -368.9799999999984)
(2180, 1149, 132.0, 96, -492.98000000000076)
(2190, 1137, 188.0, 74, -574.2599999999977)
(2200, 615, 148.0, 33, -338.419999999999)
('last100', 717.04, 173.37, 37.72)
(2210, 615, 149.0, 33, -357.64000000000084)

target_params_replaced

(2220, 849, 274.0, 28, -556.6500000000044)
(2230, 615, 181.0, 31, -419.1599999999988)
(2240, 615, 185.0, 14, -385.3199999999979)
(2250, 615, 172.0, 31, -370.3400000000021)
(2260, 615, 164.0, 29, -401.98999999999705)
(2270, 615, 143.0, 29, -319.85999999999814)
(2280, 615, 197.0, 10, -398.150000000001)
(2290, 1149, 159.0, 102, -401.90999999999923)
(2300, 615, 197.0, 15, -420.319999999999)
('last100', 683.41, 175.63, 31.16)
(2310, 615, 171.0, 16, -286.6200000000001)
(2320, 615, 211.0, 22, -485.89999999999964)
(2330, 615, 195.0, 12, -412.20999999999793)
(2340, 615, 149.0, 26, -306.6100000000003)
(2350, 615, 165.0, 33, -400.67999999999796)
(2360, 615, 175.0, 22, -344.7799999999991)

target_params_replaced

(2370, 615, 138.0, 29, -271.86000000000166)
(2380, 615, 171.0, 22, -359.4499999999973)
(2390, 615, 138.0, 30, -284.73000000000155)
(2400, 615, 196.0, 26, -473.87000000000097)
('last100', 682.57, 175.23, 32.36)
(2410, 1392, 211.0, 114, -423.3175000000021)
(2420, 1392, 212.0, 92, -375.3299999999991)
(2430, 849, 264.0, 51, -610.3499999999988)
(2440, 615, 189.0, 14, -360.47)
(2450, 615, 163.0, 27, -378.22999999999905)
(2460, 615, 138.0, 34, -332.8100000000025)
(2470, 615, 135.0, 33, -270.9699999999996)
(2480, 615, 153.0, 32, -313.07999999999925)
(2490, 615, 123.0, 36, -212.37000000000057)
(2500, 615, 140.0, 32, -304.8399999999998)
('last100', 716.78, 181.55, 35.66)

target_params_replaced

(2510, 615, 228.0, 7, -476.50000000000045)
(2520, 615, 230.0, 5, -490.410000000