41 0 7
41 1 5
41 8 3
41 4 0
41 1 0
41 8 4
41 0 3
41 1 3
48 8 1
48 5 4
48 4 5
48 8 7
48 8 9
48 9 4
48 6 4
48 5 0
48 3 8
48 8 3
48 8 3
143 1 5
143 6 0
143 1 5
143 6 2
143 2 3
151 8 0
202 1 0
202 9 1
227 8 1
227 8 4
227 8 6
227 9 6
227 2 6
227 8 6
227 9 1
227 6 9
227 0 5
227 7 1
227 3 0
333 9 2
333 2 3
333 5 1
333 2 1
343 5 6
343 9 5
343 1 7
343 4 9
343 7 2
343 4 8
343 3 2
407 3 4
407 9 6
465 9 0
465 9 6
465 7 4
465 5 2
465 7 4
465 3 1
465 4 8
465 5 4
465 8 7
465 6 0
465 7 8
499 9 5
499 9 8
499 7 2
499 2 0
499 0 2
499 9 8
499 5 6
499 1 0
499 6 0
509 7 3
509 2 4
509 5 2
509 9 7
509 7 3
509 6 4
668 2 8
668 2 0
668 8 4
668 3 7
668 0 4
668 3 4
668 2 0
668 8 3
668 4 8
668 3 6
729 3 1
729 4 7
729 6 0
729 6 0
729 3 6
798 5 3
798 6 3
798 4 0
798 5 0
798 8 0
798 5 2
869 5 7
869 1 6
869 1 7
869 5 0
869 5 9
869 7 9
869 8 7
869 8 0
869 9 2
869 3 4
869 4 0
884 7 9
884 1 7
884 1 7
884 6 1
884 2 5
884 5 2
884 3 8
1022 7 6
1022 9 2
1022 4 0
1022 3 7
1022 2 0
1022 0 1
1022 5 9
1022 2 8
1022 0 4
1102 0 8
1102 8 0
1102 7 5
1218 2 1
1262 6 3
1262 1 4
1262 3 9
1262 3 9
1262 5 6
1262 3 2
1262 8 6
1262 4 6
1262 2 4
1296 9 0
1296 7 6
1296 7 3
1360 1 6
1360 5 9
1360 3 6
1360 5 6
1360 8 4
1360 1 4
1360 4 8
1478 4 8
1478 1 3
1478 3 6
1478 8 4
1478 3 5
1478 2 8
1478 1 8
1478 1 9
1478 4 7
1506 4 9
1506 3 5
1506 2 9
1506 8 1
1506 5 4
1506 0 1
1506 6 9
1506 8 4
1506 4 2
1506 7 9
1506 4 9
1506 1 5
1617 6 3
1617 1 7
1617 7 8
1617 7 9
1617 9 3
1696 9 3
1696 3 9
1696 0 9
1696 0 4
1696 6 7
1696 6 0
1696 7 6
1696 0 9
1696 7 1
1696 8 3
1756 4 1
1756 1 0
1756 9 7
1756 4 1
1756 8 4
1756 0 5
1794 3 1
1794 4 2
1794 1 4
1794 2 7
1794 2 9
1794 3 1
1794 6 1
1794 7 4
1794 2 8
1794 1 8
1858 5 8
1858 9 8
1858 2 7
1858 7 3
1858 7 4
1858 1 4
1858 0 8
1939 2 8
1939 2 6
1939 7 5
1939 1 4
1939 7 3
1939 3 8
1939 3 8
1939 9 8
1939 5 3
1976 5 3
1976 5 8
1976 6 3
1976 4 5
1976 2 6
1976 4 6
1976 1 6
2094 5 0
2094 4 0
2094 2 6
2094 5 0
2094 0 6
2094 2 6
2094 3 9
2353 7 8
2353 2 3
2353 4 2
2353 6 5
2353 8 3
2353 3 0
2437 3 0
2437 8 5
2437 4 0
2437 2 1
2437 1 6
2437 1 3
2437 5 9
2437 6 4
2529 8 9
2529 9 1
2529 6 8
2529 7 0
2529 8 9
2529 7 0
2529 5 3
2529 1 5
2529 5 7
2529 3 4
2570 5 7
2570 8 5
2570 6 9
2591 8 0
2591 7 1
2591 1 7
2591 8 6
2591 9 8
2591 1 4
2591 5 8
2591 5 4
2693 7 4
2693 7 5
2693 4 6
2693 6 8
2693 6 4
2789 7 4
2789 5 8
2789 0 8
2816 5 0
2816 4 3
2816 1 5
2816 3 2
2902 4 0
2902 1 9
2902 5 4
2902 0 6
2902 1 7
2902 0 2
2902 6 8
2905 2 0
2905 0 6
2905 5 9
2905 4 7
2905 5 6
2905 8 4
2928 6 1
2928 5 8
2928 3 7
3015 6 8
3015 7 5
3015 7 5
3015 4 0
3015 6 4
3015 3 5
3091 1 3
3091 0 3
3091 1 0
3091 5 1
3091 7 0
3091 8 6
3091 9 2
3091 9 6
3091 7 3
3091 7 5
3091 7 2
3266 2 6
3266 0 7
3266 2 7
3290 3 7
3290 1 4
3290 5 3
3290 9 2
3290 6 0
3290 1 8
3370 8 0
3370 2 0
3370 6 8
3370 0 2
3370 3 6
3370 6 3
3370 2 1
3370 5 0
3370 2 7
3370 9 1
3370 5 7
3409 0 1
3409 8 0
3409 7 8
3409 7 2
3409 0 9
3409 5 9
3409 5 4
3409 6 1
3454 6 1
3454 6 7
3454 8 5
3454 7 5
3454 4 5
3454 3 4
3454 2 5
3454 9 3
3454 7 3
3454 5 1
3454 7 0
3687 5 8
3687 3 5
3687 7 0
3687 2 4
3687 5 4
3747 1 7
3747 3 8
3747 5 8
3870 4 0
3870 2 5
3870 4 2
3870 1 2
3906 8 0
3906 8 1
3906 0 3
3906 0 1
3929 1 3
3929 1 2
3929 1 8
3929 7 3
3929 2 4
3929 3 5
4232 1 5
4232 3 4
4232 2 4
4232 8 6
4232 1 9
4232 4 5
4232 7 5
4232 4 2
4260 7 0
4260 5 8
4260 6 7
4260 9 2
4260 1 8
4260 6 8
4260 2 1
4260 3 4
4260 7 4
4358 5 2
4358 5 7
4358 2 1
4358 2 3
4442 2 0
4442 5 6
4442 4 5
4442 2 8
4442 7 0
4442 1 7
4442 5 9
4442 2 8
4442 9 8
4468 3 5
4468 0 1
4468 9 3
4540 9 3
4540 6 8
4540 1 7
4540 5 4
4607 2 6
4607 8 4
4607 1 7
4607 8 7
4607 2 1
4607 8 1
4607 3 4
4617 6 4
4617 5 3
4617 2 6
4617 0 1
4617 6 5
4617 8 5
4645 4 5
4645 2 6
4645 0 6
4645 1 3
4771 3 5
4771 8 6
4771 0 5
4771 6 7
4771 9 3
4771 0 9
4771 2 8
4771 3 8
4771 7 9
4771 8 9
4789 4 7
4789 2 0
4789 7 5
4789 2 1
4789 1 8
4789 4 5
4789 0 8
4789 9 0
4789 2 8
4789 2 8
4789 0 2
4789 5 1
4804 3 9
4804 4 2
4804 4 6
4804 5 3
4804 1 3
4804 1 0
4909 7 4
4909 3 0
4909 6 4
4909 7 9
4909 6 9
4909 0 6
4909 5 4
5139 6 0
5139 1 0
5139 4 0
5139 8 5
5139 7 9
5139 9 4
5139 5 1
5139 6 9
5139 2 5
5139 7 5
5139 4 1
5139 5 0
5325 4 8
5325 8 4
5410 9 3
5410 4 8
5410 0 1
5410 6 1
5410 8 0
5410 6 1
5410 8 0
5410 9 7
5481 0 2
5481 0 7
5481 5 1
5481 5 7
5481 3 1
5481 2 5
5516 2 5
5516 0 4
5516 2 9
5516 6 4
5516 3 1
5516 9 3
5516 0 9
5516 7 2
5623 6 1
5623 6 0
5623 0 8
5623 1 6
5643 2 7
5643 3 9
5643 2 4
5774 2 0
5774 8 9
5774 6 3
5774 6 4
5774 6 9
5774 2 1
5778 6 7
5778 4 6
5778 4 8
5778 0 5
5778 5 8
5778 6 5
5778 4 2
5778 2 7
5784 5 4
5784 5 9
5790 8 1
5790 8 7
5790 4 5
5796 3 9
5796 2 6
5796 1 9
5796 7 4
5875 5 9
5875 2 4
5875 4 9
5875 4 1
5875 4 9
5919 2 4
5919 1 0
5919 8 5
5919 0 4
5919 1 4
5919 2 7
5919 9 1
5953 2 4
5953 8 6
5953 0 7
5999 6 3
5999 8 1
5999 1 5
5999 2 7
5999 0 1
5999 1 6
5999 4 6
5999 3 4
5999 0 7
5999 3 2
5999 6 7
6032 7 5
6032 7 0
6032 5 6
6032 2 6
6032 6 8
6032 4 7
6032 0 3
6032 7 6
6032 8 9
6032 0 1
6032 3 1
6135 7 9
6135 1 0
6135 3 4
6135 2 9
6135 9 7
6135 7 2
6177 6 5
6177 7 6
6177 9 2
6177 7 2
6177 4 9
6200 8 4
6200 5 8
6200 9 5
6200 3 0
6200 2 5
6200 5 1
6296 4 1
6296 3 4
6296 1 2
6296 3 2
6296 4 6
6296 3 2
6296 4 7
6296 2 7
6347 2 5
6347 6 5
6347 4 1
6347 7 6
6347 5 9
6347 8 3
6347 6 8
6347 0 7
6347 8 5
6347 9 0
6359 2 5
6359 0 9
6359 2 0
6359 8 3
6359 1 0
6359 6 2
6359 3 9
6359 1 4
6468 6 5
6468 4 1
6468 7 5
6468 6 8
6468 4 8
6468 9 8
6468 7 1
6468 4 8
6468 2 3
6510 7 1
6510 8 2
6545 0 9
6545 7 1
6545 4 8
6545 0 9
6545 6 5
6545 1 6
6585 2 0
6585 6 4
6585 6 4
6585 2 8
6585 2 4
6585 4 5
6585 2 5
6585 0 6
6622 7 2
6622 5 7
6622 2 6
6622 7 2
6622 0 2
6622 4 8
6622 5 1
6622 5 9
6622 4 8
6622 2 3
6764 8 0
6764 2 3
6764 5 1
6764 6 8
6764 5 7
6764 8 1
6764 5 9
6764 8 1
6764 9 7
6808 0 3
6808 7 9
6808 7 2
6808 8 1
6808 7 2
6808 1 0
6808 2 4
6944 2 3
6944 6 7
6944 2 9
6944 5 9
6944 2 0
6944 1 7
6944 8 1
6944 4 5
6944 3 9
6944 0 4
6944 2 1
6944 0 6
6954 2 4
6954 4 6
6954 1 3
6954 1 8
6954 5 3
6954 3 4
6954 8 5
6954 2 7
6954 5 7
6959 6 8
6959 4 8
6959 5 1
6959 1 3
6959 4 9
6959 5 0
7032 6 4
7032 9 3
7032 9 0
7032 1 5
7032 9 3
7032 3 0
7032 8 7
7032 2 5
7032 6 3
7032 1 9
7032 4 6
7284 2 1
7284 0 5
7284 4 0
7284 3 9
7284 8 3
7284 9 5
7284 2 3
7414 8 1
7414 1 8
7414 9 6
7423 8 7
7476 7 5
7476 9 8
7476 6 3
7476 3 2
7476 9 0
7476 7 2
7532 8 2
7532 0 5
7532 6 5
7532 6 7
7532 0 8
7532 8 9
7532 3 1
7532 6 1
7532 3 5
7532 9 4
7532 5 8
7585 7 2
7585 5 4
7585 6 1
7585 4 0
7585 9 1
7585 5 1
7585 3 8
7585 3 6
7585 4 5
7585 1 3
7604 9 1
7604 1 7
7604 5 7
7604 9 0
7604 9 6
7604 3 6
7649 5 1
7649 3 9
7649 6 0
7649 5 7
7694 3 7
7694 9 0
7694 0 9
7694 1 5
7694 3 5
7694 5 8
7694 9 0
7694 7 2
7694 5 2
7707 4 5
7707 8 7
7707 9 1
7707 3 5
7811 9 8
7811 6 9
7811 7 4
7811 9 7
7811 1 8
7811 3 5
7811 2 0
7858 6 2
7858 2 6
7858 2 4
7858 2 1
7858 5 9
7858 3 4
7868 2 4
7868 5 0
7868 3 5
7868 4 2
7868 2 5
7868 5 6
7868 8 0
7868 9 8
7868 6 8
7868 6 9
7902 2 5
7902 1 4
7929 9 4
7929 2 3
7929 2 0
7929 2 3
7929 4 1
7929 0 6
7929 6 7
7929 2 9
7929 5 1
7929 8 1
7929 9 5
7959 9 0
7959 8 2
7959 2 4
7959 2 6
7959 8 3
7959 0 8
7959 1 4
7959 2 0
7959 1 6
7973 8 2
7973 6 7
7973 0 3
7973 8 7
7973 1 3
7973 3 1
7973 6 4
7973 2 1
8069 8 2
8069 2 3
8069 1 7
8069 1 3
8069 2 8
8069 9 0
8069 4 5
8069 4 8
8069 4 8
8069 4 0
8160 9 4
8160 0 8
8160 6 8
8160 5 9
8160 1 3
8160 0 3
8189 4 1
8189 7 4
8189 4 8
8189 4 5
8189 0 9
8189 3 5
8224 0 3
8224 1 0
8224 5 2
8224 0 3
8224 3 1
8224 4 0
8224 7 2
8224 0 6
8224 6 5
8224 5 9
8224 3 2
8224 1 7
8323 4 7
8323 8 0
8323 3 8
8323 9 8
8323 6 4
8323 1 8
8323 8 7
8370 1 9
8370 4 2
8370 0 5
8370 4 3
8370 2 0
8370 0 7
8370 3 2
8370 0 8
8370 8 0
8370 0 2
8370 6 0
8370 2 8
8514 6 3
8514 8 9
8514 6 1
8514 5 8
8514 6 1
8514 4 9
8514 4 6
8514 3 5
8514 1 2
8514 4 3
8514 2 3
8535 1 2
8535 3 8
8535 7 9
8535 3 8
8535 3 2
8535 2 7
8535 1 0
8535 2 7
8535 0 3
8535 0 5
8535 0 6
8535 8 2
8542 9 4
8547 0 8
8547 8 1
8547 2 4
8547 9 3
8547 6 1
8547 6 3
8547 5 9
8547 8 2
8547 7 1
8547 8 9
8547 0 1
8653 7 5
8653 3 1
8653 0 2
8881 9 2
8881 9 1
8881 3 9
8881 1 3
8881 6 1
8881 6 7
8881 0 3
8881 9 0
8881 7 5
8929 5 0
8929 5 6
8929 0 2
8929 1 5
8930 4 5
8930 9 8
8930 6 8
8930 1 3
8930 3 0
8930 2 6
8930 3 5
8974 1 3
8974 0 3
8974 0 4
8974 2 0
8974 8 4
8974 5 8
8974 2 4
8974 3 8
8974 0 9
8974 9 7
8974 8 1
9008 3 6
9008 7 4
9008 0 3
9008 4 2
9008 3 2
9008 6 8
9008 1 9
9008 6 4
9008 7 9
9008 9 1
9082 9 3
9082 7 0
9082 9 8
9082 7 2
9082 4 2
9082 9 2
9082 0 3
9082 9 0
9082 5 8
9100 2 8
9100 5 8
9100 0 8
9138 4 6
9138 7 1
9138 2 9
9138 7 3
9138 8 3
9138 9 7
9138 8 5
9138 9 1
9138 1 5
9138 9 1
9177 8 5
9177 0 3
9177 2 8
9177 3 8
9177 9 1
9177 5 8
9177 0 5
9177 3 8
9177 9 7
9177 3 9
9178 5 0
9178 9 8
9178 3 1
9178 7 2
9178 8 6
9178 8 1
9178 9 0
9180 3 8
9180 9 0
9180 0 3
9180 5 9
9180 4 6
9180 7 0
9180 1 0
9186 8 9
9186 6 8
9186 1 3
9186 6 7
9186 0 8
9186 2 0
9186 5 3
9186 2 4
9224 0 6
9224 0 9
9224 6 9
9224 3 8
9282 3 2
9282 3 8
9319 2 5
9319 6 2
9319 0 9
9319 1 6
9319 3 7
9319 5 2
9328 4 5
9328 0 6
9328 2 3
9328 1 3
9328 8 6
9409 2 3
9409 8 9
9409 0 6
9409 2 5
9409 4 9
9409 3 5
9409 3 7
9409 9 8
9409 9 8
9409 9 4
9538 0 7
9538 3 7
9538 6 7
9538 2 4
9542 4 8
9542 9 1
9542 4 2
9710 7 6
9710 1 7
9710 6 4
9710 8 6
9710 4 7
9710 6 0
9710 1 2
9710 8 9
9710 5 0
9710 8 6
9753 1 0
9753 4 9
9753 2 9
9753 0 6
9753 1 3
9753 0 3
9753 0 8
9753 6 2
9753 7 2
9753 1 0
9753 7 4
9857 5 2
9857 4 7
9857 4 6
9857 6 1
9857 1 5
9857 0 4
9857 1 2
9857 3 2
9857 6 2
9857 7 1
9885 3 5
9885 7 9
9885 3 4
9885 3 6
9885 0 6
9885 0 4
9937 2 3
9937 1 5
9937 1 5
9937 8 6
9937 5 9
9937 3 8
9937 1 5
9937 4 7
9980 7 1
9980 0 8
9980 9 5
