63 4 5
63 0 4
63 2 0
63 3 2
81 6 7
81 9 7
81 5 8
81 3 7
81 3 6
81 6 7
81 0 2
81 4 5
81 0 8
127 9 2
350 9 6
350 3 4
350 7 4
350 1 4
350 9 1
350 7 2
350 7 3
350 6 3
402 6 2
402 9 2
402 4 6
402 2 8
402 9 5
402 7 1
402 3 5
402 5 6
402 4 9
402 3 5
608 4 2
608 8 9
608 1 7
608 0 8
608 7 3
608 1 5
608 2 6
608 9 8
622 6 0
622 3 0
622 7 4
622 3 4
622 1 8
622 7 0
622 8 5
622 8 1
622 5 7
622 9 7
622 4 7
651 3 9
651 8 7
651 0 4
651 8 6
651 1 7
651 9 7
651 6 4
651 5 8
651 8 1
651 0 8
651 7 8
770 3 0
934 2 4
934 0 5
934 7 3
1016 1 4
1016 3 1
1016 5 1
1016 2 1
1016 1 8
1016 1 8
1016 3 8
1173 5 4
1173 7 8
1173 4 6
1173 7 5
1418 2 0
1418 5 9
1418 3 1
1418 7 2
1418 0 5
1418 5 6
1418 4 6
1418 1 7
1418 1 2
1418 8 5
1418 3 5
1418 6 8
1424 6 8
1424 7 8
1424 1 7
1424 8 2
1424 6 9
1424 6 5
1424 0 8
1424 3 2
1497 2 3
1568 7 3
1568 2 6
1568 2 0
1568 3 6
1629 3 8
1629 7 4
1629 1 2
1629 4 9
1659 4 2
1659 5 0
1659 6 3
1659 8 3
1659 3 1
1659 2 7
1659 9 0
1903 3 2
1903 4 8
1903 2 9
1903 5 3
1903 0 6
1903 7 1
1903 9 7
1903 0 5
1903 0 4
1903 1 2
1918 7 4
1918 4 7
1936 8 4
1936 9 8
1939 0 1
1939 2 6
1939 9 6
1939 4 6
1939 1 6
2111 6 0
2111 1 5
2111 5 6
2111 3 4
2111 4 1
2111 8 0
2111 5 0
2121 0 5
2121 9 7
2121 6 8
2121 3 6
2121 6 7
2121 5 2
2121 7 2
2121 6 4
2126 3 9
2126 4 9
2126 4 8
2270 2 1
2270 7 3
2270 5 2
2270 8 4
2270 5 1
2270 3 1
2270 2 1
2277 7 3
2277 0 3
2277 5 8
2277 6 9
2277 0 6
2277 6 7
2277 1 3
2330 8 7
2330 7 5
2330 3 1
2330 3 7
2330 5 1
2330 9 0
2330 7 8
2330 1 3
2330 3 0
2330 2 7
2330 2 9
2330 2 8
2348 9 8
2348 2 7
2348 3 9
2348 4 2
2348 6 2
2348 8 4
2348 7 0
2348 4 1
2348 0 2
2348 8 2
2348 3 2
2348 5 0
2366 2 5
2366 9 2
2366 4 6
2366 2 0
2366 9 0
2366 1 3
2366 2 7
2389 0 2
2389 8 6
2389 9 2
2389 4 9
2389 2 5
2389 0 3
2389 6 0
2392 8 3
2392 5 7
2392 5 2
2392 4 3
2392 5 2
2392 1 5
2392 2 4
2392 2 9
2392 8 0
2392 6 0
2392 8 1
2392 6 1
2465 1 2
2465 0 6
2465 9 5
2465 7 3
2465 7 5
2465 1 0
2465 3 7
2465 8 7
2465 9 1
2465 4 3
2465 9 7
2497 2 8
2497 3 0
2497 6 1
2497 5 6
2500 1 9
2500 6 4
2500 6 3
2500 0 4
2500 1 0
2500 3 1
2500 1 6
2500 3 7
2500 5 1
2500 6 3
2500 2 1
2550 0 1
2550 6 2
2550 1 9
2550 1 0
2550 8 4
2550 2 5
2550 9 3
2550 4 0
2550 8 0
2550 2 4
2550 1 3
2676 4 5
2676 5 9
2709 5 1
2709 1 5
2709 8 5
2789 0 1
2789 4 5
2794 9 0
2794 3 7
2794 7 8
2794 7 1
2794 8 3
2794 8 9
2794 2 7
2794 9 6
2794 5 6
2796 3 5
2796 8 2
2796 1 2
2812 5 8
2812 6 5
2812 3 7
2914 1 9
2914 6 1
3100 3 9
3273 0 4
3273 6 8
3273 2 7
3273 5 8
3273 2 3
3273 4 7
3273 7 5
3273 0 3
3273 5 6
3295 5 4
3295 7 6
3295 5 2
3295 7 9
3295 3 7
3334 5 7
3334 3 4
3334 4 9
3334 2 6
3334 8 7
3334 7 5
3334 4 6
3334 6 4
3493 8 5
3493 4 0
3493 2 0
3493 3 8
3493 1 0
3493 1 9
3719 2 8
3719 2 8
3719 1 6
3719 4 3
3719 2 8
3719 3 8
3731 8 4
3731 6 4
3731 4 7
3731 7 3
3731 7 9
3731 1 9
3731 9 8
3731 2 4
3731 6 5
3749 1 0
3749 8 1
3749 8 1
3749 4 1
3749 4 0
3749 0 5
3749 2 1
3759 8 1
3759 9 7
3759 8 0
3759 6 9
3759 6 2
3759 7 9
3759 3 7
3759 0 2
3759 5 2
3759 4 7
3759 2 3
3759 8 3
3764 3 7
3764 7 1
3764 2 7
3764 6 4
3766 4 6
3766 0 9
3817 2 8
3817 7 2
3817 8 9
3817 8 5
3817 6 5
3817 5 8
3817 7 8
3817 1 8
3817 0 3
3817 8 2
3817 6 3
3967 6 0
3967 5 9
3967 2 8
3977 7 0
3977 5 1
3977 2 8
3977 3 6
3988 7 8
3988 0 4
3988 3 0
3988 0 2
3988 9 6
3988 6 5
4156 9 2
4335 9 3
4335 8 5
4335 9 3
4335 5 7
4335 6 3
4335 7 9
4335 4 9
4339 7 3
4339 2 5
4339 6 8
4339 8 6
4339 6 9
4339 0 3
4339 5 2
4422 5 3
4422 8 2
4422 9 4
4422 4 7
4422 4 2
4422 9 6
4472 3 9
4472 1 0
4472 1 8
4472 4 2
4472 4 2
4492 8 9
4492 2 4
4492 8 3
4492 1 4
4492 5 0
4492 4 5
4492 9 2
4492 6 3
4492 6 4
4492 0 1
4492 3 2
4532 8 0
4532 4 8
4532 4 7
4532 0 8
4532 0 3
4532 3 5
4572 4 8
4572 3 8
4572 7 0
4572 1 2
4572 1 0
4572 8 5
4572 0 2
4572 4 6
4572 1 0
4600 3 4
4600 7 3
4600 1 0
4759 9 5
4759 3 0
4759 5 2
4759 1 9
4759 0 2
4759 6 9
4759 2 5
4759 3 4
4759 0 2
4794 4 1
4794 5 0
4794 1 8
4794 5 3
4794 8 5
4816 7 8
4816 0 4
4816 8 9
4816 9 2
4816 3 8
4816 4 0
4816 8 6
4816 2 8
4825 1 8
4825 8 9
4825 9 6
4825 7 9
4825 8 5
4860 1 2
4860 6 3
4860 1 7
4860 8 4
4860 6 5
4860 1 0
4860 8 0
4898 5 3
4898 0 6
4898 0 5
4984 9 8
4984 7 0
5060 6 7
5060 5 4
5060 9 6
5060 2 6
5060 8 6
5085 0 6
5085 3 5
5085 3 6
5095 6 9
5095 1 3
5095 2 3
5095 1 2
5100 2 9
5100 4 6
5100 1 2
5100 5 9
5100 2 6
5102 1 8
5102 5 7
5102 8 7
5102 8 4
5102 2 3
5102 7 8
5102 4 7
5102 6 7
5102 2 8
5102 6 2
5102 9 7
5102 9 7
5377 9 0
5377 5 9
5377 7 8
5377 1 6
5377 8 9
5377 4 8
5377 9 4
5377 6 5
5377 1 0
5470 3 4
5470 7 5
5470 0 3
5470 4 6
5470 6 3
5470 0 6
5470 6 1
5470 6 3
5470 6 9
5470 9 0
5505 2 7
5505 7 0
5585 3 8
5585 6 2
5585 4 3
5585 0 2
5585 8 9
5585 9 5
5585 0 7
5585 1 5
5585 5 0
5692 8 3
5692 2 5
5692 6 1
5692 3 5
5785 9 3
5785 2 1
5785 6 4
5890 4 8
5890 0 2
5890 7 5
5890 2 0
5890 9 3
5890 9 1
5890 8 4
5890 4 9
5927 2 3
5927 7 6
5927 0 3
5927 0 4
5927 6 4
5927 2 5
5927 8 2
5927 8 5
5927 7 6
5927 2 5
5963 7 0
5963 7 6
5963 6 3
5963 2 8
5963 0 7
5963 0 7
5963 2 4
5963 8 6
6036 3 2
6036 6 3
6036 5 6
6036 5 3
6038 1 4
6038 8 0
6038 7 6
6038 9 6
6038 4 2
6038 9 5
6160 9 5
6160 1 2
6160 9 6
6160 5 2
6160 3 2
6160 1 5
6160 7 6
6160 7 2
6160 5 8
6160 8 7
6160 7 3
6421 3 8
6421 8 2
6421 0 5
6421 7 1
6421 8 7
6421 5 0
6459 9 0
6459 4 2
6459 8 2
6459 8 2
6459 4 1
6459 1 3
6459 0 4
6459 4 1
6459 8 3
6483 6 8
6483 8 1
6483 7 9
6483 0 4
6666 2 5
6666 0 4
6666 0 8
6666 7 1
6666 6 8
6666 7 6
6666 6 0
6666 2 8
6666 0 8
6723 3 6
6723 4 3
6723 1 2
6723 0 2
6723 9 8
6723 0 6
6723 8 3
6723 7 9
6723 0 7
6723 2 1
6723 1 2
6753 0 1
6753 2 0
6753 2 7
6753 8 2
6753 8 2
6753 9 0
6753 2 4
6753 5 7
6753 5 2
6753 9 5
6764 5 6
6764 1 6
6764 1 2
6764 4 9
6764 6 1
6764 1 9
6813 4 1
6813 0 1
6832 4 6
6832 4 0
6832 0 2
6832 8 5
6832 7 4
6832 2 4
6832 4 9
6832 1 3
6832 7 0
6832 0 6
6832 8 2
6832 2 9
6863 5 6
6863 3 0
6863 9 8
6863 5 2
6948 5 9
6948 8 6
6948 9 0
6948 0 1
6948 7 3
6948 9 7
6948 9 0
6948 4 2
6948 7 2
6948 4 9
6948 1 6
6987 2 6
7005 0 8
7005 1 6
7068 0 9
7068 9 5
7068 5 2
7068 9 7
7068 6 0
7068 8 0
7068 9 6
7068 5 9
7068 2 8
7136 9 1
7136 7 0
7136 5 6
7136 2 7
7136 1 5
7199 4 2
7199 5 2
7199 7 0
7199 7 3
7199 5 8
7199 1 3
7199 8 4
7199 3 4
7242 6 3
7242 2 8
7242 4 1
7242 9 0
7242 8 7
7242 3 0
7311 9 8
7311 7 9
7311 6 2
7311 0 3
7311 4 5
7311 6 5
7311 7 0
7311 5 3
7311 0 3
7311 8 2
7311 2 6
7311 2 1
7463 6 8
7463 0 4
7463 0 4
7463 8 6
7473 3 9
7473 9 6
7473 0 5
7473 1 0
7473 2 3
7473 0 8
7473 0 1
7473 7 5
7473 0 1
7473 2 0
7473 9 4
7473 5 6
7597 2 9
7597 9 1
7597 9 0
7597 0 3
7597 3 1
7597 9 2
7597 9 8
7597 1 9
7597 8 9
7597 6 1
7597 8 6
7606 6 2
7606 7 4
7606 4 2
7606 0 6
7681 5 8
7681 2 3
7681 2 8
7681 1 0
7681 6 9
7681 8 1
7681 3 4
7681 4 2
7681 9 2
7681 4 8
7682 2 0
7682 4 3
7682 4 0
7682 1 6
7682 5 4
7682 9 3
7682 5 4
7682 8 7
7688 0 3
7715 4 5
7715 3 5
7715 5 6
7715 0 5
7923 1 2
7923 8 3
7923 6 4
7923 2 9
7923 4 2
7923 9 7
7923 8 6
7923 5 7
7991 0 4
7991 9 8
7991 6 7
8116 2 9
8116 3 8
8116 6 4
8116 4 0
8116 7 0
8116 6 2
8116 1 4
8194 7 5
8194 9 6
8194 3 7
8194 8 5
8194 8 6
8194 9 3
8194 3 2
8194 6 9
8253 0 3
8253 4 0
8253 8 1
8253 6 1
8264 6 1
8264 6 8
8264 2 6
8308 1 6
8308 0 7
8308 5 8
8308 2 8
8459 0 4
8459 1 8
8459 3 2
8459 2 4
8639 2 5
8639 3 5
8639 6 9
8639 5 7
8639 3 2
8639 8 2
8639 8 2
8639 7 3
8639 0 7
8639 6 9
8639 4 2
8639 5 0
8704 0 2
8704 0 3
8704 9 7
8704 4 0
8704 6 0
8735 4 5
8735 9 2
8735 0 1
8735 8 6
8735 8 2
8735 0 4
8735 6 3
8735 6 2
8735 5 2
8768 0 3
8768 1 6
8768 6 5
8768 1 3
8768 8 0
8768 9 6
8768 8 5
8768 3 5
8768 4 5
8885 7 9
8885 9 6
8885 2 4
8885 6 5
8885 7 0
8885 8 2
8885 6 7
8885 9 6
8885 1 4
8885 6 1
8885 9 2
8885 5 4
8907 0 2
8907 8 0
8907 9 6
8907 2 6
8907 3 1
8907 6 1
8907 1 8
8907 0 2
8907 4 5
8907 5 4
8962 4 5
8962 7 0
8962 3 5
8962 7 2
8962 2 6
8962 0 5
8962 7 8
9159 3 8
9159 5 1
9159 3 9
9159 2 7
9159 6 7
9159 8 6
9159 2 8
9175 0 3
9187 5 7
9187 4 2
9187 1 5
9187 2 4
9187 3 5
9187 4 2
9187 6 4
9187 1 2
9187 8 9
9187 8 6
9187 5 1
9273 4 7
9273 1 5
9273 8 0
9273 7 2
9273 2 7
9273 7 6
9273 8 7
9400 4 7
9400 2 7
9400 7 0
9400 4 0
9400 0 7
9400 2 8
9406 4 5
9406 4 1
9406 0 6
9406 6 1
9406 6 8
9406 2 8
9406 0 2
9543 1 2
9543 1 4
9543 1 5
9543 7 9
9543 8 4
9543 8 4
9543 4 8
9543 3 6
9543 3 2
9543 1 6
9543 5 1
9552 7 8
9552 3 6
9552 0 2
9552 7 0
9563 7 4
9563 7 2
9563 8 3
9563 5 9
9563 1 9
9563 2 5
9563 9 1
9563 2 7
9563 6 9
9563 4 8
9563 7 9
9600 8 5
9610 7 2
9610 1 9
9610 3 8
9610 6 1
9767 4 1
9767 4 2
9767 0 6
9767 5 3
9767 0 9
9767 1 5
9767 0 8
9783 6 2
9783 4 2
9783 6 8
9783 7 2
9783 0 7
9783 3 6
9783 4 8
9783 8 5
9783 9 2
9798 3 0
9798 1 9
9798 7 3
9798 9 4
9798 2 1
9798 8 6
9798 8 5
9798 7 5
9798 1 7
9837 0 8
9837 6 8
9837 1 3
9837 3 5
9837 0 3
9837 2 1
9837 8 2
9837 1 6
9837 6 3
9891 1 6
9891 9 2
9891 7 9
9900 5 9
9900 0 7
9909 7 3
9909 5 4
9909 7 9
9909 6 0
9909 9 8
9909 8 0
9909 2 7
