28 8 4
28 3 9
28 7 2
28 9 3
28 3 4
28 1 3
28 4 6
38 6 3
38 1 8
38 9 7
38 9 2
38 0 6
38 6 0
38 6 3
84 1 7
84 8 1
84 7 1
199 1 4
199 8 6
199 1 7
199 0 8
214 8 3
214 2 5
214 3 6
214 4 1
214 6 2
214 5 2
214 7 6
214 8 2
214 2 4
214 5 2
214 4 0
214 9 5
278 0 2
278 8 7
278 3 9
347 1 3
392 0 3
392 3 6
404 1 4
404 2 9
404 2 4
404 7 4
404 1 0
404 6 7
404 1 7
404 9 8
404 2 0
404 1 2
404 7 2
404 8 4
462 7 2
462 8 2
462 4 1
462 1 0
462 1 4
485 5 1
485 9 4
485 4 6
803 0 2
803 4 6
803 7 8
803 6 0
1073 6 9
1073 6 5
1073 7 2
1073 2 6
1073 1 4
1073 7 4
1073 1 2
1073 0 5
1073 8 7
1075 1 9
1095 1 5
1095 9 7
1095 0 9
1095 2 9
1168 9 8
1168 7 1
1168 7 1
1168 6 1
1176 1 9
1176 1 0
1176 8 4
1176 6 3
1176 0 8
1176 8 1
1176 0 6
1176 5 9
1176 3 2
1176 1 3
1210 9 1
1210 2 4
1210 7 8
1248 6 5
1308 1 4
1308 2 3
1308 8 3
1308 2 8
1308 9 4
1308 8 3
1308 3 2
1379 6 0
1379 4 7
1379 9 8
1379 9 5
1379 1 8
1766 1 0
1766 1 6
1766 2 5
1766 7 8
1766 3 1
1766 8 7
1766 4 8
1906 1 0
1906 5 7
1906 6 1
1907 7 9
1907 3 4
1907 0 9
1907 8 5
1907 6 1
1907 7 3
1907 3 8
1991 4 8
1991 2 4
1991 7 2
1991 9 8
1991 0 9
1991 7 5
1991 6 5
1991 3 5
1994 8 0
1994 8 5
1994 4 1
1994 2 1
1994 9 1
2057 4 8
2057 5 6
2057 9 3
2057 9 3
2077 5 9
2077 9 7
2077 6 8
2077 8 6
2077 5 2
2077 4 9
2077 3 6
2121 1 4
2121 1 2
2121 4 3
2121 8 3
2121 1 2
2121 9 0
2121 0 6
2121 1 5
2121 8 6
2121 9 8
2121 1 3
2144 2 6
2144 0 9
2144 4 0
2144 6 3
2144 7 5
2144 8 5
2255 5 0
2255 9 7
2255 3 7
2255 2 1
2255 3 4
2255 1 7
2255 1 2
2255 1 3
2255 8 2
2255 6 7
2255 8 0
2255 0 8
2367 8 1
2478 7 4
2478 0 7
2478 3 2
2478 7 5
2478 2 6
2554 6 4
2554 9 8
2554 9 8
2554 4 5
2554 3 9
2554 4 5
2554 8 6
2554 2 6
2554 6 5
2554 7 9
2803 0 4
2803 7 1
2803 5 7
2803 2 0
2803 8 4
2803 0 7
2803 3 8
2803 9 5
2803 4 6
2882 7 9
2882 1 5
2882 8 6
2882 3 0
2882 1 5
2882 9 1
2882 3 4
2993 8 6
2993 8 4
2993 5 7
2993 7 3
2993 5 0
2998 9 2
2998 6 9
2998 2 0
2998 9 6
2998 5 7
2998 7 2
2998 5 7
2998 8 7
2998 2 9
2998 0 9
3062 0 6
3062 6 5
3062 1 2
3062 9 3
3062 6 0
3062 5 8
3084 1 8
3084 3 0
3110 2 1
3128 9 1
3128 5 4
3128 6 3
3128 1 0
3128 3 4
3128 7 1
3128 8 2
3169 3 0
3169 4 9
3169 4 6
3169 0 7
3187 2 6
3187 4 9
3187 2 1
3187 4 6
3187 0 1
3187 2 0
3187 7 8
3187 6 7
3187 0 3
3187 0 6
3187 2 3
3187 5 8
3239 6 8
3239 2 3
3239 0 5
3239 0 7
3239 4 9
3239 1 3
3239 8 5
3249 9 4
3249 2 7
3249 4 0
3249 4 8
3249 6 0
3249 6 5
3249 8 3
3249 2 0
3255 5 4
3255 4 8
3255 4 2
3255 1 0
3255 1 7
3255 7 5
3255 2 9
3255 1 2
3255 5 1
3255 5 1
3255 0 3
3255 4 5
3308 3 7
3308 9 1
3308 9 1
3308 5 0
3308 9 2
3308 2 4
3308 1 6
3308 0 2
3413 2 9
3413 4 0
3413 5 6
3413 9 0
3413 7 6
3413 8 2
3413 5 4
3413 0 5
3413 6 1
3413 2 6
3540 7 6
3540 7 8
3540 7 5
3540 1 8
3540 3 2
3540 1 7
3602 0 4
3602 4 8
3602 3 4
3602 7 3
3710 3 9
3710 7 1
3710 2 3
3710 2 4
3710 8 1
3712 2 8
3712 6 2
3712 9 6
3712 0 1
3712 3 7
3712 7 0
3712 9 3
3712 5 0
3771 7 8
3771 6 9
3771 1 8
3771 9 3
3771 7 5
3771 5 7
3771 8 6
3771 6 2
3771 2 8
3771 7 3
3771 9 8
3872 5 7
3872 7 5
3872 4 2
3872 1 7
3872 8 6
3872 2 4
3872 6 3
3872 2 3
3872 1 3
3872 4 9
3872 6 0
3905 6 1
3905 0 6
3905 6 0
3905 3 0
3905 7 0
3905 6 3
3905 5 3
3905 0 1
3905 1 2
3905 4 7
3969 3 4
3969 4 3
3969 7 5
3969 0 2
3969 0 9
3969 2 1
3969 3 6
3969 2 5
3969 6 2
3969 6 4
3969 7 9
3969 3 8
4007 7 1
4050 7 6
4104 5 7
4104 2 6
4104 5 9
4104 2 3
4104 7 6
4104 0 3
4104 2 0
4104 4 5
4104 2 9
4179 2 7
4179 1 7
4179 2 6
4179 3 1
4179 7 6
4179 2 6
4179 4 8
4179 5 1
4179 2 7
4179 1 4
4226 4 6
4226 4 2
4226 6 0
4226 0 2
4249 5 2
4249 2 6
4249 1 5
4314 6 8
4314 7 0
4314 6 2
4314 6 3
4314 1 8
4314 0 1
4439 0 6
4439 5 7
4439 1 7
4439 5 4
4439 7 6
4439 9 3
4439 6 4
4439 8 2
4439 1 4
4439 1 3
4439 2 6
4568 4 8
4568 9 3
4568 3 0
4639 7 1
4639 6 5
4639 8 0
4639 1 5
4639 1 5
4639 2 7
4639 2 6
4639 7 8
4639 3 9
4639 0 2
4643 6 9
4643 6 7
4643 9 4
4643 3 0
4643 9 5
4643 9 6
4694 5 4
4716 5 9
4716 3 8
4716 7 9
4716 4 6
4716 3 5
4716 3 5
4716 7 0
4759 1 4
4759 3 2
4759 4 5
4759 4 5
4759 5 6
4759 6 4
4759 9 1
4759 0 3
4759 0 4
4956 7 3
4956 3 9
4956 7 2
4956 9 4
4956 9 7
4956 9 6
4974 9 8
4974 9 7
4974 8 6
4974 2 3
4974 5 8
4974 9 3
4974 2 8
4974 5 8
4974 9 8
4974 8 2
5028 1 7
5028 0 2
5028 4 3
5028 0 9
5028 3 6
5028 7 0
5028 5 9
5117 5 1
5117 5 1
5117 5 3
5154 7 1
5154 6 3
5154 0 5
5154 9 0
5154 6 0
5154 4 7
5154 7 3
5154 0 3
5154 9 3
5154 4 9
5154 7 9
5154 9 8
5375 2 6
5375 4 9
5375 1 3
5375 9 3
5386 6 5
5386 1 8
5386 5 9
5386 7 6
5386 2 7
5386 0 9
5386 1 4
5386 9 8
5386 7 9
5386 9 7
5386 9 6
5394 8 3
5394 2 8
5394 5 2
5394 7 9
5394 4 5
5411 9 8
5411 2 0
5411 2 7
5411 2 0
5411 1 3
5421 3 1
5421 0 3
5421 2 0
5421 7 3
5421 5 4
5421 9 6
5421 3 6
5421 5 6
5421 6 8
5421 4 0
5421 7 2
5450 7 2
5450 1 8
5450 5 0
5450 8 7
5490 5 2
5490 2 3
5490 9 5
5632 7 3
5632 6 1
5632 2 1
5632 5 1
5632 4 5
5632 1 3
5632 2 1
5632 1 2
5632 5 4
5632 4 9
5632 2 1
5632 2 0
5670 3 9
5670 3 4
5670 0 1
5722 2 6
5722 2 0
5722 1 9
5722 1 9
5722 9 1
5722 4 3
5722 6 0
5722 9 3
5722 2 6
5736 3 8
5736 1 2
5736 3 7
5736 2 4
5736 6 9
5781 5 1
5781 2 7
5781 3 0
5867 1 9
5867 9 7
5867 1 2
5867 9 5
5867 7 5
5867 3 7
5990 4 9
5990 0 1
5990 3 9
5990 1 8
5990 1 8
5990 5 6
5990 1 8
5990 2 4
5990 1 0
5990 0 1
5990 0 7
5990 6 4
6014 5 6
6014 4 0
6014 1 5
6056 6 0
6056 3 0
6056 3 6
6056 3 8
6056 5 3
6056 4 5
6056 0 6
6056 4 3
6056 7 6
6070 7 6
6070 1 5
6070 0 6
6070 5 6
6070 4 3
6070 7 2
6070 0 6
6157 5 0
6157 6 1
6307 4 1
6307 1 0
6307 3 2
6307 8 9
6307 6 9
6307 3 1
6307 7 0
6307 3 9
6307 6 4
6307 6 2
6307 7 0
6419 3 5
6419 8 6
6419 3 0
6419 9 5
6419 2 0
6419 8 4
6419 3 1
6419 3 5
6419 7 5
6419 3 1
6536 7 1
6536 5 8
6536 5 1
6536 4 9
6536 9 5
6536 6 3
6536 6 2
6536 2 6
6536 5 7
6644 0 7
6644 2 4
6644 3 7
6669 1 8
6669 2 0
6669 2 9
6669 8 4
6669 3 5
6669 0 5
6669 5 3
6669 3 5
6669 1 0
6773 9 5
6978 1 0
7010 4 8
7010 8 5
7010 0 5
7010 2 4
7010 3 6
7010 2 6
7010 5 8
7010 4 3
7010 0 6
7043 6 4
7043 0 5
7043 1 2
7153 1 6
7153 2 5
7153 4 6
7153 4 7
7153 3 1
7153 0 9
7153 3 7
7153 5 8
7153 1 8
7153 8 0
7153 4 2
7154 1 4
7154 9 7
7154 0 9
7154 0 9
7154 9 1
7154 8 9
7154 9 3
7154 9 0
7154 9 4
7154 4 9
7154 7 2
7154 0 2
7155 8 4
7277 7 9
7277 5 8
7277 7 6
7277 7 3
7277 6 7
7277 3 7
7299 9 8
7299 2 8
7299 3 4
7299 2 9
7299 8 0
7299 2 0
7299 3 1
7470 2 8
7493 6 2
7493 7 0
7493 6 9
7493 4 0
7493 3 7
7493 2 3
7493 3 7
7493 2 5
7493 4 8
7493 9 1
7641 4 1
7641 5 1
7641 1 8
7641 2 9
7641 0 4
7641 2 5
7641 8 4
7641 1 0
7641 3 8
7765 9 1
7775 9 3
7775 0 8
7775 3 9
7775 3 4
7775 2 3
7775 9 7
7775 1 9
7775 2 0
7775 3 4
7829 5 9
7829 4 9
7829 4 5
7829 3 8
7888 3 1
7888 9 6
7888 6 0
7888 9 3
7888 2 3
7888 3 6
7888 9 2
7888 2 8
8208 0 5
8208 6 8
8208 7 8
8208 7 0
8208 9 5
8208 8 3
8208 8 6
8208 4 0
8208 4 1
8208 0 4
8208 4 0
8208 2 9
8227 0 3
8227 4 1
8227 8 1
8227 0 2
8227 9 2
8227 6 7
8227 7 6
8227 3 8
8227 0 3
8227 7 5
8227 8 7
8265 1 5
8265 0 9
8265 9 2
8265 4 9
8265 1 9
8265 8 9
8265 3 4
8296 9 8
8296 9 7
8296 0 3
8296 0 9
8296 8 7
8296 8 2
8296 5 8
8296 6 1
8296 5 0
8296 4 6
8296 0 5
8301 7 4
8301 3 1
8301 2 5
8301 3 4
8301 6 8
8301 0 5
8301 9 7
8301 6 5
8301 2 4
8301 2 5
8301 4 6
8301 7 4
8312 0 8
8312 1 0
8312 5 0
8312 4 7
8312 4 6
8312 0 5
8312 2 8
8312 0 8
8312 7 1
8312 5 1
8312 3 0
8312 3 0
8328 3 1
8328 8 5
8328 3 7
8328 7 6
8328 7 1
8328 2 4
8328 0 4
8328 6 4
8371 3 7
8371 3 2
8509 9 4
8509 4 1
8509 4 9
8509 5 2
8530 4 0
8530 5 6
8530 6 3
8530 2 0
8590 5 2
8590 7 4
8590 1 2
8590 7 6
8590 8 9
8590 6 7
8590 4 9
8590 8 3
8590 4 0
8590 7 6
8590 4 7
8636 0 2
8636 1 8
8636 8 5
8636 2 5
8636 9 8
8636 7 4
8636 1 8
8636 6 9
8922 3 0
8922 3 9
8922 8 7
8922 9 1
8922 8 4
8922 7 0
8922 4 0
8922 7 0
8922 9 2
8925 3 9
8925 6 1
8925 2 0
8925 4 8
8925 9 6
8925 0 4
8925 4 5
8925 6 3
8928 1 9
8928 9 6
8928 6 3
8928 0 7
8928 3 6
8928 0 2
8928 7 6
8928 6 8
8928 4 9
8928 5 7
8928 6 2
8928 8 5
9015 0 2
9015 8 0
9015 4 1
9015 1 2
9015 5 9
9248 9 8
9248 1 0
9248 9 1
9248 1 3
9248 5 8
9248 6 5
9248 5 8
9248 9 7
9248 3 5
9269 5 9
9269 8 6
9269 6 4
9269 2 5
9269 0 3
9269 7 1
9269 2 3
9269 2 6
9269 2 8
9269 2 5
9269 3 1
9280 4 2
9280 9 8
9280 1 8
9280 6 3
9280 3 0
9280 3 2
9280 4 8
9280 6 7
9280 6 8
9280 2 8
9280 0 9
9280 6 0
9286 4 2
9286 5 3
9286 1 2
9286 4 3
9286 3 4
9300 4 0
9300 6 9
9300 7 3
9457 3 9
9457 3 1
9506 9 0
9506 3 7
9506 9 0
9506 2 6
9506 1 4
9506 4 8
9519 4 0
9519 1 5
9519 5 8
9519 8 5
9519 6 5
9519 8 7
9519 6 3
9519 6 0
9519 1 0
9519 5 7
9636 8 3
9636 1 8
9636 8 9
9636 1 7
9636 0 2
9636 1 3
9636 9 5
9636 4 9
9636 4 5
9744 8 6
9744 3 7
9747 9 8
9747 6 5
9747 3 8
9747 9 5
9747 6 0
9747 7 0
9747 9 8
9747 5 1
9747 8 1
9783 1 5
9783 8 9
9871 3 7
9871 0 3
9871 6 2
9871 3 7
9871 4 8
9871 4 1
9871 2 9
9871 6 3
9888 0 5
9888 2 5
