0 5 9
0 8 3
0 7 5
0 7 2
0 6 8
0 5 7
0 9 6
0 5 1
0 5 9
8 5 2
8 0 4
70 9 2
70 7 1
70 0 6
70 1 8
70 5 8
70 1 2
70 4 9
135 1 7
135 4 3
135 2 6
180 2 9
180 5 8
180 1 0
180 2 4
180 8 0
288 7 9
288 3 7
313 2 7
313 3 5
313 5 9
313 0 1
313 2 1
313 5 0
313 6 4
313 5 9
313 4 5
313 9 6
313 6 7
331 4 3
331 1 2
331 1 6
331 6 2
331 3 1
331 0 7
331 7 3
331 3 1
331 4 1
331 9 0
340 8 2
340 6 0
340 2 0
340 9 6
642 9 4
642 3 5
642 5 2
642 2 4
758 3 5
758 7 8
758 9 3
758 1 3
758 3 6
758 9 0
765 6 4
765 3 1
765 5 1
765 6 1
765 4 3
765 1 7
765 2 9
765 2 1
765 3 6
996 7 5
996 6 4
996 3 2
996 2 9
996 2 0
996 2 9
996 9 8
996 3 8
1058 4 3
1095 2 7
1095 8 0
1095 7 6
1095 2 4
1095 9 5
1095 6 9
1095 0 2
1095 7 0
1095 6 5
1095 7 4
1095 0 2
1095 7 6
1359 5 6
1359 6 8
1359 6 0
1359 8 3
1359 9 1
1412 7 6
1412 9 0
1412 7 9
1412 2 1
1412 7 8
1412 6 2
1412 9 1
1412 2 4
1412 7 8
1469 0 6
1469 9 3
1469 2 0
1469 4 8
1469 9 7
1469 6 1
1469 9 3
1469 0 3
1469 3 5
1469 8 7
1469 4 8
1469 8 4
1498 6 0
1498 7 1
1498 6 7
1498 0 3
1498 7 9
1498 8 1
1498 1 8
1498 0 5
1506 3 2
1506 5 9
1506 3 8
1506 8 6
1506 8 7
1506 8 5
1506 9 3
1506 1 3
1506 4 6
1506 3 5
1506 8 0
1548 1 7
1548 8 6
1548 7 8
1548 1 0
1548 1 3
1548 1 2
1548 2 5
1548 8 7
1548 3 9
1548 0 6
1548 7 9
1548 5 3
1549 4 7
1549 7 5
1549 7 5
1549 2 4
1549 4 6
1549 8 1
1549 0 9
1549 1 8
1549 4 5
1549 2 6
1563 1 2
1563 1 4
1563 7 9
1563 4 7
1563 3 5
1563 6 4
1563 1 6
1563 2 0
1695 7 9
1695 2 8
1695 4 6
1722 2 5
1722 5 3
1722 9 5
1722 7 4
1722 7 9
1722 0 5
1722 6 1
1722 7 8
1722 7 0
1722 4 8
1865 7 5
1865 4 7
1865 9 4
1865 1 6
1865 8 5
1865 7 1
1865 5 0
1865 9 8
1865 4 8
1865 9 3
1879 1 9
1879 7 5
1879 6 1
1879 5 7
1879 1 5
1879 8 9
1934 9 5
1934 3 8
1934 7 3
1934 9 5
1934 6 5
1934 8 9
1934 5 2
1944 4 2
1944 5 1
1944 1 7
1944 1 8
1944 7 5
1944 1 4
1944 5 7
2033 2 0
2033 2 9
2033 6 3
2033 6 5
2033 9 2
2033 2 7
2033 4 0
2033 0 9
2033 2 3
2042 4 0
2042 1 5
2042 6 3
2042 8 4
2042 4 2
2042 2 5
2042 3 5
2042 8 6
2042 9 7
2042 5 2
2121 4 8
2178 5 6
2178 6 2
2178 8 4
2178 7 3
2178 5 4
2178 1 2
2178 3 8
2178 1 9
2178 5 8
2235 2 7
2396 1 8
2396 8 4
2396 1 7
2396 6 3
2396 1 2
2553 7 1
2553 8 5
2553 7 8
2553 3 6
2770 5 3
2770 0 3
2770 8 9
2770 4 5
2770 3 9
2770 6 9
2770 7 6
2770 2 8
2810 0 8
2810 8 3
2810 5 4
2833 9 0
2833 3 8
2997 0 2
2997 9 2
2997 5 1
2997 8 2
2997 4 8
2997 2 4
2997 0 2
2997 5 0
2997 9 7
2997 1 7
2997 0 4
3020 6 0
3020 8 6
3020 7 0
3020 2 7
3020 7 3
3020 6 2
3035 1 7
3035 9 1
3035 0 3
3035 2 5
3035 5 1
3035 1 6
3035 2 8
3035 6 1
3035 6 0
3042 1 8
3042 3 8
3042 7 6
3042 4 5
3042 0 8
3156 2 0
3156 2 4
3156 0 8
3156 4 3
3156 6 2
3156 6 0
3156 6 5
3156 1 4
3156 5 3
3156 8 1
3156 0 2
3156 2 1
3453 0 7
3453 6 7
3453 0 6
3453 7 2
3505 8 7
3505 0 9
3505 2 6
3505 7 3
3537 5 1
3537 3 8
3537 7 6
3553 2 1
3553 0 2
3553 4 7
3553 9 2
3553 9 7
3553 0 7
3553 4 7
3553 4 3
3553 3 6
3553 9 6
3633 4 5
3633 3 9
3633 1 2
3633 1 8
3633 1 5
3633 8 5
3690 3 0
3690 1 5
3690 1 4
3690 3 9
3690 7 2
3690 0 3
3690 9 3
3690 1 7
3690 4 1
3774 7 8
3774 3 4
3774 1 2
3774 0 6
3799 4 1
3799 8 7
3799 4 2
3799 4 5
3799 2 5
3799 6 3
3799 4 8
3799 8 1
3799 4 8
3880 8 3
3880 0 7
3880 7 2
3880 1 4
3880 0 4
3880 4 2
3950 7 0
4038 5 9
4038 0 8
4038 7 1
4139 4 7
4139 3 1
4139 9 2
4139 0 2
4139 2 6
4139 8 7
4139 3 8
4259 4 9
4259 8 7
4259 9 6
4259 4 2
4259 4 1
4259 2 6
4268 1 7
4268 8 0
4268 7 6
4268 4 5
4268 9 0
4268 7 2
4268 8 6
4268 2 3
4268 3 4
4268 3 4
4268 6 5
4288 3 4
4317 2 8
4413 3 8
4421 4 1
4421 5 4
4421 3 8
4421 3 7
4421 1 6
4421 1 3
4421 9 1
4421 8 2
4440 7 8
4440 3 1
4440 6 1
4440 1 3
4440 0 8
4454 1 0
4454 4 3
4454 6 1
4454 5 7
4497 8 5
4497 1 2
4497 7 1
4497 1 0
4497 6 3
4497 0 8
4497 4 6
4559 4 5
4559 0 9
4559 1 5
4559 2 7
4559 5 2
4559 3 5
4559 5 3
4559 6 0
4559 7 1
4623 9 6
4623 7 5
4623 3 6
4623 9 6
4623 1 4
4893 1 6
4893 9 6
4893 0 2
4893 8 1
4893 7 8
4893 4 1
4893 5 7
4893 2 9
4893 2 5
4893 8 3
4893 5 1
4893 0 2
4922 9 2
4922 9 7
4922 1 4
4944 4 3
4944 0 3
4944 9 0
4944 7 5
4944 0 3
4944 1 0
4944 2 5
4944 1 4
5012 7 5
5012 7 3
5012 7 0
5012 9 8
5012 4 8
5012 6 3
5012 5 1
5012 5 7
5012 1 9
5012 2 3
5075 6 1
5075 4 3
5075 9 4
5075 9 1
5075 6 2
5075 6 0
5075 4 3
5075 5 8
5075 2 0
5075 3 9
5084 3 4
5084 6 0
5084 6 4
5084 8 9
5084 2 8
5084 2 9
5084 4 3
5084 4 1
5084 7 4
5084 5 9
5135 7 3
5135 0 6
5135 5 8
5135 2 8
5135 1 3
5135 0 4
5135 1 6
5135 1 2
5135 8 9
5135 7 3
5135 5 7
5150 7 3
5150 6 7
5150 7 8
5150 7 1
5150 1 8
5150 7 1
5150 6 9
5150 8 2
5150 2 7
5182 0 2
5182 2 3
5182 0 2
5182 3 0
5182 9 4
5182 5 7
5182 8 6
5182 1 3
5182 8 6
5182 0 7
5182 9 3
5183 4 0
5183 1 4
5183 7 8
5295 4 5
5295 5 6
5295 8 3
5295 8 4
5295 0 3
5295 1 4
5295 9 5
5295 3 4
5295 3 7
5295 4 2
5295 3 8
5338 1 8
5338 3 5
5338 3 2
5338 8 2
5338 6 8
5446 9 6
5496 3 7
5496 8 5
5496 7 2
5496 7 5
5496 9 6
5517 2 0
5517 0 2
5517 4 1
5517 3 1
5517 8 4
5527 2 5
5562 2 7
5562 7 3
5562 7 5
5562 5 3
5562 9 3
5562 3 7
5562 2 0
5623 8 1
5623 1 3
5623 7 5
5623 7 1
5623 6 1
5631 9 0
5631 6 4
5631 7 4
5631 2 0
5631 1 7
5642 5 4
5642 5 3
5642 0 1
6088 6 0
6088 7 4
6088 2 7
6088 1 7
6088 7 0
6088 2 1
6088 1 9
6088 0 7
6269 5 7
6269 6 4
6269 7 1
6269 8 6
6316 9 2
6316 7 1
6316 6 2
6316 7 1
6316 2 0
6316 4 7
6316 0 1
6316 2 7
6316 9 5
6316 6 2
6316 9 6
6353 7 6
6353 9 0
6353 9 8
6353 0 5
6353 0 2
6353 3 0
6353 3 7
6353 5 1
6380 1 2
6380 2 0
6380 4 9
6380 4 2
6380 7 8
6380 9 5
6380 0 5
6380 4 9
6380 4 8
6416 0 1
6416 8 9
6416 3 5
6531 1 5
6531 9 3
6531 5 6
6531 9 2
6531 6 2
6531 8 4
6531 7 0
6531 8 2
6531 4 0
6531 9 2
6531 6 4
6531 8 3
6652 3 4
6652 2 7
6652 9 0
6652 9 2
6652 1 0
6709 7 5
6709 8 4
6709 3 8
6709 2 4
6709 9 6
6709 9 6
6709 9 8
6709 5 2
6709 3 8
6709 1 8
6709 1 6
6803 4 9
6803 9 3
6803 3 4
6805 4 0
6831 4 3
6831 5 8
6831 0 7
6831 5 8
6831 6 3
6831 6 0
6831 8 4
6831 4 5
6831 2 0
6873 9 3
6916 3 2
6916 5 4
6916 6 0
6916 2 6
6960 5 7
6960 3 6
6960 8 9
6960 3 4
6960 6 8
6960 8 6
6960 5 6
6960 8 6
6960 0 3
6960 4 3
6960 7 8
6960 8 9
6961 4 2
6961 6 7
6961 0 5
6961 4 6
7058 5 1
7058 4 2
7058 3 1
7058 4 3
7058 0 1
7058 5 4
7058 9 6
7081 8 1
7081 9 4
7081 5 1
7081 3 4
7081 9 7
7081 3 5
7081 3 9
7084 5 0
7084 8 5
7084 9 4
7084 0 1
7084 5 9
7084 9 2
7084 3 4
7196 0 2
7196 8 2
7196 7 4
7196 5 7
7196 3 1
7196 6 3
7196 4 6
7196 0 3
7196 1 4
7196 6 3
7196 2 0
7210 9 7
7210 9 8
7210 8 9
7210 3 6
7335 0 6
7335 5 7
7335 1 2
7360 2 0
7360 8 7
7360 6 1
7360 5 9
7360 4 5
7360 4 5
7528 3 2
7528 8 0
7528 8 4
7528 0 1
7528 5 3
7528 1 3
7528 8 2
7528 1 4
7528 1 6
7528 0 6
7528 4 5
7528 5 1
7534 2 6
7534 9 3
7534 0 1
7534 3 1
7534 4 5
7534 3 5
7534 4 9
7534 1 5
7564 0 6
7564 3 0
7564 1 0
7564 1 3
7623 7 1
7623 3 8
7623 4 8
7755 6 1
7755 0 4
7755 9 0
7755 1 8
7755 5 0
7841 5 3
7841 6 2
7841 4 0
7841 9 8
7841 8 5
7841 1 0
7841 9 4
7841 5 0
7841 3 2
7841 1 0
7841 8 3
7872 0 8
7887 9 0
7887 7 8
7887 8 1
7887 8 4
7887 7 3
7887 8 9
7887 8 5
7887 6 3
7887 7 0
7887 2 3
7887 9 3
7887 5 9
7892 6 4
7892 8 6
7892 0 4
7892 0 6
7892 6 1
7892 3 0
7892 7 3
7892 4 9
7892 3 8
7892 5 6
7892 5 0
7999 3 7
7999 1 3
7999 9 5
7999 0 4
7999 9 3
7999 9 3
7999 9 7
7999 0 8
8009 6 3
8009 3 7
8313 4 1
8313 1 9
8313 7 8
8313 5 4
8313 0 9
8313 6 3
8313 2 9
8313 6 7
8313 6 2
8313 8 4
8313 4 6
8313 2 4
8345 9 3
8345 2 1
8348 5 4
8348 1 4
8348 6 9
8348 5 8
8348 8 9
8348 2 3
8348 1 6
8348 7 1
8348 3 8
8348 8 5
8348 3 0
8348 8 0
8476 4 1
8476 2 4
8476 4 0
8476 9 0
8476 3 0
8476 7 6
8476 1 5
8476 9 0
8736 9 2
8736 9 8
8736 0 9
8736 1 7
8736 2 8
8736 8 9
8787 1 5
8787 0 6
8787 8 1
8787 7 0
8787 8 6
8787 7 1
8787 3 9
8799 2 1
8799 9 3
8799 9 4
8799 1 6
8799 9 7
8808 7 3
8808 5 8
8808 4 1
8808 0 3
8808 1 0
8808 1 0
9027 1 2
9027 9 2
9027 0 4
9027 1 6
9027 7 9
9027 6 5
9027 2 5
9027 4 6
9027 2 4
9027 4 2
9123 2 6
9123 4 1
9123 8 1
9123 8 1
9123 0 5
9123 4 2
9123 2 9
9123 4 2
9123 3 9
9123 6 1
9123 2 8
9164 3 8
9164 2 1
9287 1 4
9287 0 4
9287 4 1
9287 5 2
9287 5 9
9287 7 9
9287 6 4
9287 4 5
9287 8 2
9364 5 8
9364 1 9
9364 0 5
9364 2 3
9364 3 6
9364 9 2
9364 4 6
9364 2 5
9364 1 2
9364 9 0
9364 4 2
9391 5 3
9391 0 4
9391 3 4
9391 8 0
9391 8 6
9391 3 6
9391 0 9
9391 9 8
9391 8 2
9391 5 4
9391 1 4
9391 9 8
9419 1 8
9419 6 7
9419 3 8
9419 0 6
9419 1 4
9419 7 3
9467 2 5
9467 3 8
9467 6 9
9490 8 3
9490 8 4
9490 0 8
9490 5 8
9490 6 2
9490 0 6
9490 4 8
9490 8 9
9490 8 3
9529 3 5
9529 9 4
9686 4 1
9686 4 2
9686 5 7
9882 6 4
9882 4 0
9882 5 7
9882 9 2
9882 0 7
9882 5 6
9883 9 2
9883 2 0
9883 0 8
9883 2 5
9883 8 5
9883 1 9
9883 1 6
9883 7 6
9883 9 0
9964 2 4
9964 6 4
9964 5 7
9964 1 5
9964 7 0
9964 2 4
9964 1 5
9964 6 2
9964 1 8
9964 1 7
9964 4 8
9964 1 9
9978 2 7
9978 7 2
9978 9 3
9978 1 9
9978 2 3
9978 2 9
