14 5 0
14 7 9
14 3 6
14 5 1
14 7 4
14 6 5
14 0 9
14 3 6
64 8 1
64 7 8
248 8 5
248 0 6
248 7 4
248 2 6
248 3 6
248 9 2
248 7 0
248 5 6
248 3 7
300 2 8
300 8 9
300 2 9
300 9 8
300 2 8
300 7 4
300 0 8
300 9 5
300 9 0
300 0 1
300 9 7
300 4 2
395 5 0
395 8 3
395 0 4
395 1 9
395 7 9
395 8 2
395 1 7
395 0 8
395 9 6
395 8 7
395 8 5
458 6 0
458 0 1
458 7 5
458 7 0
536 9 6
536 8 6
536 1 5
536 4 8
536 3 8
536 9 4
536 4 5
536 4 6
536 1 6
536 0 3
536 4 2
536 3 2
548 9 7
548 2 9
548 5 9
548 0 2
548 0 1
548 7 3
548 8 2
548 1 9
548 4 0
548 3 5
548 3 8
611 6 3
611 1 5
791 1 2
791 0 4
791 2 7
791 9 8
791 9 8
791 3 6
791 2 8
791 8 2
791 2 7
791 0 7
900 2 1
900 5 4
900 2 1
921 6 1
921 1 7
989 5 7
989 5 8
989 4 9
993 2 8
993 1 0
993 1 0
998 7 1
998 9 6
998 8 3
998 9 0
998 3 7
998 2 4
998 6 4
998 8 2
998 7 5
1045 6 9
1045 7 4
1045 5 1
1045 8 4
1045 8 1
1045 1 4
1045 8 7
1045 1 7
1055 5 6
1055 8 1
1055 7 5
1055 4 5
1055 8 1
1055 5 9
1055 5 9
1055 5 8
1055 3 7
1068 3 8
1068 6 3
1068 0 5
1068 8 0
1068 2 8
1068 7 4
1068 1 3
1068 6 9
1068 8 2
1068 8 4
1068 7 2
1068 6 3
1075 1 7
1075 0 1
1075 9 8
1075 5 0
1075 6 8
1075 0 1
1075 3 7
1094 6 2
1094 8 7
1094 0 8
1094 0 4
1094 3 4
1199 5 7
1199 5 3
1235 7 4
1235 9 1
1235 1 7
1235 8 4
1235 6 4
1235 6 3
1235 6 8
1235 4 6
1235 2 7
1235 8 4
1235 5 4
1235 5 7
1270 3 5
1270 5 6
1270 6 0
1270 2 7
1270 3 5
1270 3 2
1339 2 4
1339 4 7
1339 8 2
1339 5 9
1339 4 0
1339 8 9
1376 1 6
1376 7 1
1376 3 5
1376 8 6
1376 1 8
1376 7 1
1376 7 9
1376 2 0
1408 2 6
1408 2 3
1408 1 6
1408 2 8
1552 2 9
1552 0 7
1552 4 7
1552 0 8
1558 1 5
1558 5 8
1558 2 1
1558 1 3
1558 7 2
1558 3 4
1558 8 7
1558 9 3
1558 4 1
1558 5 0
1558 3 6
1558 0 8
1568 6 9
1568 5 1
1568 5 9
1568 3 5
1654 0 9
1654 5 8
1654 1 9
1654 8 0
1654 9 2
1654 4 6
1654 8 7
1654 3 1
1654 2 7
1930 3 0
1930 0 8
1930 3 0
1930 0 8
1930 9 1
1933 3 6
1933 7 3
1933 7 6
1933 5 1
1933 8 7
1933 8 0
1933 4 1
1933 1 3
1933 3 1
1988 9 5
1988 3 9
1988 8 2
1988 6 8
1988 3 6
1988 2 3
2124 2 5
2124 6 9
2124 2 6
2124 5 9
2124 2 3
2241 5 2
2241 6 1
2241 2 9
2241 8 7
2241 4 7
2241 6 1
2241 7 1
2241 7 2
2241 6 9
2241 0 4
2241 4 0
2241 1 3
2245 9 4
2245 8 3
2245 1 0
2245 7 9
2245 8 9
2245 3 1
2245 5 8
2245 5 7
2245 7 3
2281 6 2
2281 9 6
2281 1 7
2281 0 3
2281 2 6
2281 0 3
2281 4 7
2281 8 7
2301 7 3
2301 5 9
2301 0 4
2301 5 1
2301 6 2
2301 7 5
2466 8 4
2466 5 6
2466 8 7
2466 9 4
2641 8 9
2641 5 8
2641 4 5
2641 5 6
2641 3 7
2641 2 0
2641 0 6
2641 2 4
2641 2 0
2655 5 7
2655 1 4
2655 5 1
2655 7 6
2655 2 9
2655 1 0
2655 1 7
2655 1 6
2655 9 1
2655 8 9
2655 9 2
2655 7 2
2739 3 4
2739 3 8
2750 1 8
2750 6 5
2750 7 2
2750 2 8
2750 2 3
2750 5 0
2750 3 6
2750 8 3
2750 0 5
2750 7 5
2750 5 9
2750 1 5
2783 7 2
2783 4 0
2783 8 6
2890 1 5
2890 6 8
2890 3 5
2890 6 4
2890 0 9
2890 2 7
2890 3 1
2890 8 3
2890 3 2
2890 7 2
2890 7 4
2890 8 3
2895 8 2
2895 5 9
2895 2 7
2895 7 2
2895 1 5
2895 4 7
2927 4 0
2927 3 4
2927 5 6
2927 6 7
2927 5 2
2927 2 9
2927 4 9
2927 6 7
3000 6 0
3000 0 6
3000 4 9
3000 5 8
3000 4 6
3000 9 1
3000 1 8
3000 8 0
3000 8 9
3005 0 6
3005 6 4
3005 2 4
3005 1 6
3005 7 8
3005 8 1
3005 2 5
3016 4 6
3016 4 1
3016 5 2
3016 5 7
3016 0 6
3016 3 4
3016 3 2
3016 6 7
3016 2 7
3016 4 9
3016 6 0
3016 6 0
3022 8 3
3022 5 4
3022 4 8
3022 4 9
3022 9 1
3022 5 3
3022 4 2
3022 6 9
3022 0 8
3022 8 3
3022 2 1
3032 2 8
3032 5 3
3032 3 5
3032 4 0
3032 0 8
3073 9 8
3073 1 0
3073 3 8
3073 0 5
3073 9 0
3073 2 6
3073 6 7
3073 0 9
3073 8 1
3073 3 4
3073 5 9
3073 7 2
3165 6 8
3165 5 4
3165 3 7
3196 2 9
3207 3 8
3207 0 2
3207 8 3
3207 5 4
3207 3 1
3207 8 2
3207 2 8
3207 8 4
3211 7 3
3211 2 6
3211 9 4
3211 4 8
3328 3 4
3328 5 8
3328 8 4
3328 0 5
3328 4 1
3328 3 2
3352 3 2
3352 3 8
3352 8 1
3352 6 1
3352 8 4
3352 5 8
3352 7 2
3369 9 0
3369 1 3
3407 0 4
3407 7 1
3407 8 4
3407 4 5
3407 8 1
3407 8 3
3407 1 8
3407 0 9
3407 9 8
3407 7 4
3461 4 6
3461 9 2
3461 4 8
3461 2 7
3461 5 6
3461 3 8
3470 9 2
3470 5 4
3470 1 0
3470 5 8
3545 0 6
3545 1 7
3545 7 5
3545 6 7
3545 1 6
3545 1 0
3545 6 3
3545 3 1
3773 2 1
3773 1 7
3773 1 6
3773 4 2
3773 5 3
3773 3 1
3773 4 3
3773 3 5
3773 4 6
3794 2 7
3794 5 7
3794 4 7
3794 4 2
3794 3 6
3794 4 6
3794 1 5
3809 4 9
3809 1 5
3809 8 4
3809 1 7
3809 2 0
3809 5 4
3809 5 9
3815 5 7
3815 7 6
3815 9 6
3815 0 4
3815 8 3
3815 5 9
3815 0 3
3815 4 1
3815 3 4
3817 0 1
3817 9 1
3817 3 7
3817 0 7
3817 7 8
3817 2 0
3817 7 3
3860 6 9
3860 4 9
3860 6 1
3860 5 0
3860 0 9
3860 3 8
3860 5 4
3860 4 2
3864 2 3
3864 8 2
3864 6 2
3864 5 4
3864 4 1
3864 9 4
3864 7 9
4001 1 3
4001 4 9
4001 4 6
4001 0 5
4001 0 8
4001 4 5
4001 5 2
4003 6 5
4003 0 5
4003 0 8
4114 1 4
4114 5 6
4284 7 3
4284 8 1
4284 2 3
4284 1 4
4284 3 5
4284 2 8
4284 9 0
4284 8 0
4284 5 9
4313 4 9
4313 4 8
4320 9 2
4320 6 0
4320 5 7
4320 9 1
4320 0 5
4320 0 7
4451 7 2
4451 4 3
4451 9 8
4451 7 5
4451 2 7
4451 9 4
4451 4 8
4451 5 2
4465 5 7
4531 4 6
4531 2 0
4531 2 4
4531 4 6
4531 9 2
4531 5 1
4531 7 3
4531 9 8
4531 1 2
4531 1 3
4531 1 9
4531 3 6
4550 2 6
4550 4 7
4550 7 6
4550 4 5
4550 0 5
4550 6 2
4550 0 6
4550 1 5
4550 0 7
4550 3 9
4550 3 9
4550 5 8
4696 4 2
4696 2 7
4696 9 0
4734 8 7
4734 3 6
4734 5 0
4734 1 2
4734 5 4
4786 0 6
4786 6 9
4786 5 0
4786 1 7
4786 3 8
4786 5 8
4786 5 0
4881 9 7
4881 3 9
4881 7 0
4881 7 9
4881 3 2
4881 7 6
4881 0 1
4898 7 2
4898 9 4
4898 7 8
4898 6 8
4898 4 0
5107 5 4
5107 8 7
5107 2 5
5107 4 0
5107 5 6
5107 1 7
5140 5 2
5148 1 4
5148 2 0
5148 3 6
5148 0 7
5148 0 2
5148 4 7
5148 9 7
5148 5 4
5148 3 0
5148 9 2
5148 7 5
5148 3 4
5287 9 5
5522 4 8
5522 4 9
5522 7 1
5522 0 9
5522 5 1
5522 3 0
5522 1 8
5522 3 2
5542 2 6
5542 0 2
5542 7 1
5588 1 9
5588 9 0
5588 8 5
5588 2 3
5588 3 6
5588 6 7
5588 1 5
5656 0 9
5656 7 2
5671 0 6
5671 2 8
5671 9 6
5671 1 5
5671 4 9
5671 2 9
5671 1 6
5743 7 9
5743 7 3
5743 0 7
5743 1 9
5810 6 9
5810 4 6
5810 9 2
5811 6 2
5811 1 2
5811 8 9
5811 1 6
5811 9 7
5817 6 0
5817 6 1
5869 9 0
5869 0 9
5869 3 1
5869 6 3
5869 5 9
5869 7 5
5869 2 8
5869 3 5
5869 1 8
5869 5 2
5869 3 9
5869 4 9
5873 2 7
5873 8 4
5873 4 7
5873 3 5
5873 6 7
5873 8 2
5873 4 5
5873 8 3
5878 2 7
5878 3 9
5878 4 8
5878 2 8
5998 5 7
5998 2 6
5998 0 3
5998 1 5
5998 8 9
5998 0 8
5998 7 0
5998 0 5
6014 8 7
6014 7 1
6014 1 6
6014 9 3
6014 0 9
6014 8 5
6014 3 6
6014 5 9
6014 7 4
6014 9 2
6014 7 3
6014 5 6
6058 5 7
6058 2 6
6089 2 5
6089 9 2
6089 5 1
6089 9 8
6118 0 2
6118 4 9
6118 8 1
6118 9 5
6118 2 5
6323 8 1
6323 3 1
6323 6 1
6396 3 8
6396 6 9
6396 5 0
6396 3 4
6468 6 9
6469 0 1
6469 8 5
6469 2 0
6469 9 7
6568 7 5
6568 6 4
6568 4 5
6568 6 8
6568 9 8
6568 9 6
6586 6 2
6588 1 4
6588 1 4
6588 1 6
6588 1 0
6588 2 0
6588 5 8
6588 9 2
6588 8 9
6722 7 4
6722 5 8
6722 2 7
6722 2 9
6722 3 9
6722 8 4
6722 4 0
6722 4 1
6722 5 1
6829 8 9
6829 5 6
6829 0 7
6829 5 7
6829 6 1
6829 8 0
6829 9 5
6854 5 3
6854 2 7
6854 4 0
6854 3 1
6861 5 2
6861 9 5
6861 6 1
6861 2 9
6861 7 6
6861 0 9
6861 5 7
6861 9 7
6995 1 6
6995 1 4
6995 9 7
6995 3 2
6995 4 7
7020 3 1
7020 2 8
7020 7 3
7020 7 2
7020 3 7
7079 7 0
7079 6 3
7079 2 9
7079 1 6
7079 0 7
7079 6 2
7079 5 7
7079 9 3
7079 1 9
7079 9 4
7079 0 9
7079 3 6
7108 4 5
7108 7 5
7108 7 3
7185 2 6
7210 9 2
7210 5 4
7210 5 3
7210 0 7
7210 0 6
7210 3 8
7255 2 3
7255 4 5
7255 6 1
7268 5 2
7268 4 0
7268 6 5
7268 6 7
7384 1 4
7384 9 6
7384 2 0
7384 7 0
7384 7 2
7388 5 3
7388 6 5
7388 3 6
7388 5 1
7522 9 8
7522 2 1
7522 8 7
7593 2 0
7593 5 6
7593 9 7
7593 5 1
7593 2 6
7593 2 9
7593 4 7
7593 6 9
7593 4 3
7593 6 5
7617 3 0
7617 6 1
7855 5 8
7879 5 0
7879 6 7
7879 9 1
7957 1 8
7957 9 8
7957 6 3
7957 7 2
7957 4 5
7957 4 3
7957 5 7
7975 6 9
7975 3 2
7975 3 2
7975 7 3
7975 7 5
7975 2 7
7975 0 3
7975 1 2
7975 6 5
7975 8 9
7975 7 1
7975 8 9
8064 3 6
8064 7 8
8064 1 3
8064 0 7
8064 5 9
8064 3 7
8091 4 8
8091 0 9
8091 3 8
8091 7 2
8091 5 4
8091 6 3
8102 7 5
8102 5 1
8102 2 5
8102 2 9
8102 1 8
8102 3 2
8102 2 1
8102 6 1
8102 2 9
8102 3 7
8229 1 5
8229 3 4
8229 3 8
8400 4 8
8400 3 7
8400 2 1
8400 4 3
8400 7 4
8428 4 2
8428 1 5
8428 6 5
8428 1 2
8428 9 1
8428 3 8
8602 9 7
8602 5 2
8679 2 9
8679 6 0
8679 0 6
8679 5 1
8679 2 4
8679 8 9
8806 8 2
8831 0 3
8831 1 9
8831 2 1
8831 5 1
8831 0 4
8831 7 1
8831 8 7
8831 9 8
8831 3 7
8992 6 3
8992 8 6
8992 8 9
8992 8 7
8992 0 2
8992 9 0
8992 8 3
8992 0 3
9024 5 3
9024 7 6
9024 5 3
9024 8 3
9024 7 5
9024 2 6
9024 1 3
9024 5 0
9024 8 9
9024 0 8
9024 0 7
9127 5 4
9127 1 8
9127 0 1
9127 8 7
9191 1 5
9198 0 9
9198 8 4
9198 5 2
9198 7 6
9198 1 7
9198 1 4
9198 9 7
9198 9 2
9198 6 1
9198 1 2
9217 6 3
9217 0 2
9217 4 6
9217 5 6
9217 1 0
9217 6 5
9217 2 1
9217 6 3
9217 8 3
9217 5 9
9217 2 4
9260 0 4
9260 6 2
9260 5 2
9260 4 5
9260 5 0
9260 0 2
9260 0 1
9260 2 4
9260 3 7
9287 4 8
9287 0 9
9287 3 6
9308 0 7
9308 3 4
9343 4 0
9343 0 3
9355 2 1
9355 3 9
9452 5 3
9452 7 5
9452 9 3
9452 0 6
9452 5 1
9476 6 7
9476 5 0
9476 3 7
9476 0 1
9476 2 0
9476 0 4
9476 5 9
9476 5 3
9476 5 3
9476 0 4
9476 8 1
9476 5 7
9537 3 6
9537 5 7
9537 9 6
9537 6 9
9537 3 8
9537 1 6
9537 9 5
9537 1 2
9537 9 6
9622 0 4
9622 8 9
9622 3 6
9622 9 0
9622 5 9
9622 2 9
9622 7 0
9622 6 5
9622 8 4
9622 3 2
9622 4 0
9642 6 0
9642 6 4
9642 5 2
9642 9 3
9642 4 2
9642 1 5
9642 4 3
9642 6 1
9642 2 1
9642 2 1
9642 4 7
9642 0 5
9689 7 2
9689 8 0
9709 7 5
9832 2 5
9832 7 5
9832 8 4
9832 6 5
9832 8 5
9832 0 3
9832 4 7
9832 9 5
9832 8 4
9832 6 7
9864 4 1
9927 3 7
9927 6 1
9927 4 7
9927 9 5
9927 7 0
9927 0 6
9927 0 5
9948 5 1
9948 7 0
9948 9 6
9948 6 7
9948 1 9
9948 0 7
9948 1 4
9948 9 0
9948 0 4
