56 7 4
56 9 5
56 3 0
56 4 7
56 8 6
56 7 4
181 0 9
181 7 6
181 3 7
181 4 5
182 2 6
182 6 7
182 2 4
182 9 5
182 9 1
182 7 4
182 6 5
182 8 1
182 5 9
182 1 9
182 5 0
182 4 1
282 3 0
282 4 5
282 8 6
282 3 6
282 7 9
282 3 4
310 2 1
392 8 4
392 3 6
392 4 7
392 0 5
392 0 1
392 1 3
392 5 2
392 9 3
392 6 0
392 3 9
392 1 5
392 3 4
393 7 0
393 5 0
393 7 6
410 1 4
410 8 6
410 9 1
410 6 8
440 0 2
440 6 0
440 3 8
440 0 1
440 5 4
440 6 1
440 1 2
440 7 1
440 0 3
440 5 6
440 2 3
440 5 4
458 2 9
458 2 4
458 6 5
458 3 2
458 3 9
487 7 3
528 5 1
528 9 2
580 7 3
580 6 4
580 2 7
580 3 6
580 3 0
580 4 5
580 1 6
580 7 6
589 9 5
589 5 4
589 6 7
589 6 5
664 7 6
664 0 5
664 4 0
664 4 5
671 3 0
671 9 5
671 6 5
671 5 9
671 5 4
671 2 5
671 1 2
671 6 2
671 7 4
701 9 7
720 0 6
720 8 2
720 7 9
755 7 6
755 2 8
755 1 9
755 0 7
755 6 5
755 8 7
755 5 7
755 7 8
767 2 8
767 2 7
767 2 5
767 7 8
767 8 3
850 9 2
850 1 8
850 6 4
850 7 8
850 6 8
850 8 5
881 1 7
881 0 8
881 1 6
881 0 7
881 1 5
904 8 7
938 3 0
938 3 9
938 9 3
938 3 4
938 7 5
938 1 3
938 4 2
938 2 6
938 7 3
938 4 7
1030 2 5
1030 7 3
1030 2 9
1030 1 5
1030 7 9
1030 8 9
1030 9 0
1030 9 5
1030 2 9
1030 6 9
1127 4 8
1127 7 3
1127 9 8
1127 8 5
1127 1 7
1171 0 5
1171 9 5
1171 4 5
1171 3 6
1171 7 2
1171 3 8
1334 7 6
1334 4 9
1334 8 5
1334 7 3
1334 9 6
1334 9 7
1396 5 6
1396 7 0
1396 7 8
1396 3 6
1428 0 4
1428 4 5
1428 4 8
1428 9 8
1428 4 9
1428 5 8
1428 7 9
1428 9 5
1428 7 4
1436 3 4
1436 7 8
1436 2 1
1491 2 6
1491 9 8
1491 3 9
1491 4 2
1491 1 7
1491 9 5
1491 4 0
1491 4 9
1491 6 1
1508 6 8
1508 4 2
1508 4 3
1508 9 2
1508 7 2
1508 7 9
1626 8 0
1626 4 5
1626 0 6
1787 4 2
1787 5 1
1787 0 1
1787 6 3
1787 4 8
1787 4 0
1787 2 8
1930 4 3
1930 8 5
1930 5 6
1930 2 5
1930 6 8
1930 7 3
1930 2 7
1980 2 5
1980 7 4
1980 6 4
1980 2 5
1980 6 7
1980 2 5
1980 9 3
1980 8 5
2004 8 2
2004 4 1
2004 3 6
2004 6 1
2056 5 2
2056 5 6
2056 8 3
2056 4 2
2056 6 1
2056 2 1
2056 7 2
2056 5 0
2056 3 1
2056 7 2
2056 2 1
2087 8 1
2087 4 8
2097 2 1
2097 7 9
2097 2 6
2097 1 6
2097 8 3
2097 9 0
2097 1 7
2097 4 5
2097 9 3
2112 3 0
2112 1 5
2112 3 6
2112 3 1
2112 1 9
2112 0 5
2112 3 5
2112 9 0
2112 6 9
2112 8 2
2112 4 5
2220 0 8
2220 4 0
2220 5 3
2220 8 7
2220 4 8
2220 0 2
2283 7 1
2283 5 9
2283 3 2
2339 9 1
2339 2 9
2339 8 1
2339 2 5
2339 5 2
2450 2 6
2450 5 7
2450 5 2
2450 9 6
2450 3 8
2450 0 2
2450 6 9
2450 6 7
2450 5 8
2450 4 5
2487 0 7
2487 8 3
2487 5 1
2487 7 5
2547 2 3
2547 5 3
2567 7 8
2577 1 2
2577 0 7
2577 6 3
2668 2 3
2668 4 9
2804 2 7
2804 2 5
2804 9 2
2804 2 3
2804 0 4
2804 6 1
2804 7 6
2804 5 3
2804 6 2
2804 9 4
2809 7 8
2809 0 3
2809 3 6
2809 0 9
2809 1 9
2809 6 1
2809 5 0
2809 2 4
2809 5 3
2875 3 1
2875 1 9
2875 9 6
2875 3 8
2875 8 0
2875 5 2
2875 7 1
2875 6 3
2875 5 1
2951 6 8
2951 3 4
3029 6 3
3029 1 8
3029 8 4
3029 5 6
3029 4 8
3086 5 2
3086 1 3
3086 7 9
3086 6 5
3086 3 9
3086 7 3
3086 0 8
3086 9 3
3101 1 3
3101 7 9
3101 8 5
3101 5 1
3101 3 7
3101 8 4
3101 7 6
3101 9 7
3101 6 0
3148 7 5
3148 4 5
3148 9 0
3148 8 2
3148 4 6
3148 6 8
3148 2 4
3148 1 2
3148 8 1
3148 5 6
3153 3 8
3153 3 2
3153 8 4
3153 2 0
3153 6 3
3153 8 1
3153 7 6
3153 7 6
3162 1 9
3162 7 1
3162 8 9
3162 6 1
3242 3 1
3242 4 3
3242 2 0
3242 4 5
3242 1 2
3242 2 6
3242 0 3
3242 1 2
3242 6 5
3242 5 9
3242 7 9
3242 2 1
3280 1 0
3280 6 9
3280 2 1
3280 3 5
3280 3 9
3280 5 9
3280 9 0
3423 6 8
3431 8 9
3431 7 2
3431 3 5
3453 9 0
3453 5 9
3453 9 6
3453 9 5
3455 6 0
3455 0 1
3455 8 9
3455 1 7
3455 1 8
3455 4 3
3506 0 3
3506 2 9
3506 1 3
3506 6 7
3506 6 2
3506 3 5
3506 8 7
3506 6 3
3506 4 3
3506 6 3
3506 5 9
3552 8 1
3612 6 9
3612 4 6
3612 4 1
3612 5 1
3612 7 3
3612 2 8
3612 0 9
3612 9 4
3612 9 1
3612 8 2
3612 6 1
3612 9 7
3637 8 7
3637 3 7
3637 7 3
3637 7 4
3637 5 1
3651 4 3
3740 6 0
3740 1 2
3740 6 9
3740 3 4
3740 4 2
3740 6 8
3740 5 1
3740 5 7
3740 7 9
3740 3 0
3740 4 3
3740 5 1
3767 7 6
3767 8 6
3767 6 5
3767 9 6
3767 9 7
3844 8 9
3844 8 4
3844 3 2
3844 8 4
3844 6 1
3844 4 0
3844 2 5
3844 6 8
3844 3 1
3892 6 5
3892 5 3
3892 9 1
3892 5 1
3892 7 3
3892 7 8
3892 5 8
3892 3 0
4135 7 4
4135 5 7
4135 5 0
4135 5 9
4135 3 5
4135 9 2
4135 8 7
4327 2 0
4327 8 1
4327 0 7
4327 0 6
4327 8 6
4327 3 8
4327 2 0
4327 2 9
4327 4 5
4327 1 3
4439 7 0
4439 2 3
4439 9 8
4563 4 7
4563 7 3
4563 4 3
4563 8 0
4563 9 1
4563 9 0
4563 1 9
4606 4 1
4606 4 0
4606 3 1
4606 4 9
4606 4 7
4733 7 5
4733 7 1
4733 3 9
4733 1 0
4733 7 5
4733 6 7
4733 9 0
4983 2 4
4983 4 6
4983 3 6
4983 8 6
4983 4 9
4983 7 2
4983 0 6
5027 9 6
5027 8 4
5027 7 8
5027 7 5
5027 0 2
5027 1 9
5027 5 1
5027 5 3
5027 4 2
5088 1 7
5088 9 7
5088 7 5
5088 4 3
5088 0 9
5088 3 1
5088 3 2
5088 1 3
5088 7 9
5088 9 2
5088 9 0
5088 4 8
5206 0 6
5206 6 5
5227 5 3
5227 8 9
5227 5 3
5227 1 4
5227 3 8
5227 5 2
5227 5 6
5227 6 0
5227 7 5
5227 6 7
5240 6 2
5240 4 6
5240 9 0
5240 1 7
5240 8 0
5240 3 9
5240 6 4
5240 6 7
5240 0 7
5240 9 0
5240 7 5
5240 8 4
5247 1 0
5247 1 0
5247 6 1
5247 4 6
5247 3 1
5247 9 4
5324 9 8
5324 5 6
5324 0 3
5420 8 1
5420 0 3
5420 8 6
5448 6 8
5448 6 4
5448 3 6
5448 2 5
5448 8 0
5448 7 5
5448 6 8
5481 2 3
5481 4 0
5481 5 6
5481 0 7
5481 6 7
5481 3 0
5481 1 3
5481 3 6
5481 0 6
5481 7 5
5481 9 5
5548 1 7
5548 4 5
5548 4 1
5548 3 9
5604 7 4
5604 4 7
5604 7 4
5604 2 5
5604 1 7
5604 3 1
5604 3 5
5604 7 4
5604 7 0
5604 9 5
5629 0 4
5629 7 1
5629 4 2
5629 1 2
5629 0 8
5629 4 5
5629 7 9
5629 3 6
5629 0 3
5629 4 9
5650 2 4
5650 0 6
5679 2 6
5679 4 5
5679 4 7
5679 2 5
5844 9 2
5844 0 6
5844 2 0
5844 6 5
5844 7 3
5844 8 6
5844 7 6
5844 7 9
5844 5 4
5844 5 4
5844 4 6
5844 2 6
5919 4 0
5919 5 6
5919 6 5
5919 2 1
5919 8 7
5919 4 5
5919 4 9
5919 7 9
5919 3 9
5928 5 6
5928 5 1
5928 2 0
5947 0 5
5947 6 1
5947 2 8
5947 8 4
5947 6 0
5947 5 1
5947 9 1
5947 2 1
5947 0 9
5954 5 7
5954 0 4
5954 5 1
5954 5 3
5954 3 8
5954 4 0
5954 5 6
5954 7 4
5959 5 2
5959 2 8
5959 8 4
5959 2 6
5959 5 2
5959 9 6
5959 9 6
5959 2 8
5959 5 1
5987 9 1
5987 7 9
5987 5 4
5987 4 2
5987 5 8
5987 8 1
5987 2 4
5987 6 0
5987 3 0
6008 6 7
6008 0 1
6008 3 1
6008 5 3
6008 7 2
6008 2 0
6008 4 7
6008 8 0
6008 0 8
6008 9 7
6008 7 2
6008 2 9
6014 9 8
6014 8 2
6014 7 1
6014 0 2
6014 5 1
6014 0 2
6014 1 8
6014 1 5
6014 2 0
6014 9 5
6014 4 7
6014 5 6
6032 2 5
6128 2 6
6128 0 7
6128 2 7
6128 9 7
6128 7 2
6128 9 0
6128 5 8
6128 8 0
6128 0 8
6128 6 0
6160 4 7
6160 3 7
6160 6 5
6160 5 8
6160 7 3
6160 8 3
6160 8 0
6160 3 0
6160 8 5
6160 2 0
6232 3 1
6232 2 9
6232 1 8
6232 8 7
6232 8 4
6232 4 8
6232 4 5
6232 3 4
6232 3 2
6232 2 3
6232 4 5
6232 2 6
6250 1 2
6250 1 5
6250 9 3
6250 9 3
6250 2 3
6250 0 7
6250 1 7
6250 8 4
6256 1 7
6269 1 9
6269 7 5
6269 9 5
6309 9 0
6309 3 7
6309 0 9
6312 1 9
6312 9 6
6312 3 7
6312 3 2
6312 6 3
6312 5 0
6312 8 3
6312 6 5
6312 1 9
6312 9 7
6317 3 2
6463 0 7
6463 7 0
6463 4 6
6463 1 6
6463 1 4
6463 9 7
6463 7 2
6463 0 4
6463 8 1
6463 6 4
6480 7 5
6480 1 4
6480 2 6
6480 7 4
6480 9 2
6480 1 2
6480 9 3
6489 6 7
6489 8 4
6489 0 4
6674 2 9
6674 6 4
6674 6 9
6674 8 0
6674 7 2
6674 5 3
6674 6 1
6684 0 7
6684 5 6
6684 9 7
6684 5 6
6684 5 6
6684 7 8
6684 9 8
6684 7 6
6684 1 8
6695 8 7
6695 2 9
6695 9 0
6733 4 2
6733 1 2
6733 4 0
6733 7 6
6733 5 2
6733 0 7
6733 0 2
6783 2 8
6783 3 2
6783 3 4
6801 3 8
6801 3 5
6801 5 7
6801 8 7
6801 4 0
6801 0 2
6801 2 7
6801 1 9
6801 9 8
6801 5 4
7068 5 0
7068 0 8
7068 8 9
7068 7 6
7068 8 2
7068 3 4
7068 3 7
7068 1 5
7271 0 7
7271 2 6
7271 3 6
7271 1 0
7271 6 8
7271 7 6
7271 2 3
7296 7 1
7476 8 9
7476 4 3
7488 3 7
7568 1 4
7568 0 8
7568 1 2
7568 8 5
7568 7 4
7568 0 4
7568 9 1
7589 9 8
7589 6 9
7589 2 1
7589 8 6
7589 0 8
7589 5 4
7589 0 9
7589 2 0
7622 9 4
7622 1 7
7622 8 0
7622 1 7
7622 8 3
7622 9 3
7622 1 2
7932 4 9
7932 1 9
7932 1 2
7932 8 3
7932 8 6
7932 7 4
7932 8 7
7932 0 3
7932 6 7
7955 3 0
7955 6 7
7955 0 7
7955 5 2
7955 9 4
8005 8 4
8005 3 9
8005 3 4
8005 9 7
8024 9 5
8024 6 8
8024 5 8
8024 2 4
8024 0 9
8024 5 7
8024 0 7
8024 9 0
8024 5 1
8024 1 7
8024 6 9
8114 6 8
8114 3 8
8114 5 3
8114 1 5
8114 3 0
8114 4 7
8114 7 9
8114 4 6
8136 4 2
8136 1 0
8136 7 9
8136 3 6
8157 2 8
8157 1 2
8213 9 2
8213 5 6
8213 9 3
8213 4 6
8213 3 0
8213 0 2
8213 9 6
8273 5 2
8273 1 0
8273 0 4
8273 5 4
8273 7 0
8285 0 1
8285 0 8
8285 5 8
8285 1 6
8285 6 3
8285 6 2
8285 1 8
8291 5 9
8308 4 2
8308 2 0
8308 1 7
8308 7 9
8308 9 0
8425 5 7
8425 2 5
8425 8 2
8425 1 0
8425 0 5
8425 2 1
8425 1 9
8425 0 5
8425 2 0
8490 7 1
8490 5 3
8490 5 3
8490 7 1
8490 1 7
8515 8 4
8515 9 3
8515 8 0
8515 4 2
8536 1 2
8536 7 8
8536 8 3
8536 9 7
8536 2 3
8536 4 2
8536 0 5
8536 3 7
8629 9 3
8629 6 1
8641 4 9
8641 3 5
8641 1 0
8641 5 9
8641 2 9
8641 5 0
8641 6 0
8652 3 1
8652 3 2
8652 1 3
8652 4 7
8652 4 1
8652 2 5
8652 2 8
8652 5 3
8652 4 8
8793 8 0
8793 1 5
8793 6 7
8793 1 8
8793 4 8
8793 3 4
8793 0 4
8793 9 6
8906 6 5
8956 7 6
9016 7 3
9016 4 3
9016 7 6
9016 6 2
9016 6 4
9016 8 0
9016 9 3
9028 6 7
9028 6 5
9028 1 9
9202 9 6
9303 8 6
9303 8 2
9303 6 9
9303 2 5
9303 6 7
9303 1 6
9303 0 8
9303 2 7
9303 0 9
9303 4 2
9303 5 9
9303 3 2
9371 2 9
9371 2 4
9371 5 0
9371 6 2
9371 0 9
9371 2 3
9371 4 8
9380 2 8
9380 8 9
9380 3 6
9380 5 6
9380 2 9
9380 6 5
9380 5 3
9479 2 6
9479 7 5
9479 4 8
9479 6 9
9479 6 3
9479 4 2
9479 0 6
9479 9 3
9479 9 5
9548 1 5
9548 3 6
9548 2 8
9548 8 3
9548 3 7
9548 1 0
9548 3 9
9548 6 1
9548 3 4
9548 6 9
9548 0 5
9548 9 2
9719 0 7
9719 2 7
9719 0 5
9719 0 3
9719 3 0
9719 6 0
9719 6 2
9719 8 0
9834 4 5
9834 6 0
9834 6 4
9915 6 2
9915 1 5
9915 6 3
9915 7 1
9915 2 5
9915 1 4
9915 6 5
9915 1 7
9915 8 7
9915 1 9
9915 8 1
9915 3 2
9953 0 5
9953 0 3
9953 6 1
9953 9 7
9953 2 1
9953 9 8
9953 9 0
9953 8 1
9956 4 1
9956 3 2
9956 9 6
9956 5 2
9956 9 4
9956 7 2
9986 6 3
9986 7 3
9986 5 3
9986 6 1
